#   T (Gyrs)         Lx         Ly         Lz
      0.000    -84.739   -104.513    -88.401
      0.014    -94.714   -107.171   -106.464
      0.029   -103.160   -109.137   -119.951
      0.043   -110.270   -116.399   -128.419
      0.057   -119.722   -120.671   -129.676
      0.071   -131.797   -125.013   -128.609
      0.086   -141.994   -127.117   -137.409
      0.100   -150.230   -127.918   -150.250
      0.114   -157.381   -132.316   -159.067
      0.129   -162.236   -136.951   -159.287
      0.143   -173.506   -143.819   -172.826
      0.157   -181.941   -145.495   -190.634
      0.171   -191.456   -152.056   -202.809
      0.186   -203.095   -160.816   -215.158
      0.200   -214.189   -167.492   -226.494
      0.214   -222.890   -174.802   -238.596
      0.229   -231.244   -182.218   -249.079
      0.243   -239.760   -191.284   -253.610
      0.257   -251.452   -197.230   -254.813
      0.271   -264.391   -198.243   -275.302
      0.286   -272.969   -193.497   -294.035
      0.300   -283.903   -198.746   -309.234
      0.314   -295.455   -209.945   -307.447
      0.329   -308.741   -211.375   -322.665
      0.343   -318.002   -213.828   -337.276
      0.357   -327.035   -219.344   -345.169
      0.371   -337.705   -220.790   -357.167
      0.386   -347.407   -225.103   -370.893
      0.400   -355.075   -232.848   -380.162
      0.414   -362.722   -238.777   -391.531
      0.429   -368.697   -243.945   -394.671
      0.443   -374.893   -251.779   -393.503
      0.457   -378.522   -260.109   -401.389
      0.471   -389.090   -264.868   -408.915
      0.486   -401.020   -268.006   -424.712
      0.500   -410.818   -274.367   -429.888
      0.514   -419.806   -272.689   -453.195
      0.529   -426.757   -283.398   -461.061
      0.543   -436.562   -292.893   -465.403
      0.557   -445.659   -302.560   -483.613
      0.571   -453.697   -306.711   -501.194
      0.586   -462.198   -322.187   -508.533
      0.600   -473.647   -334.543   -517.368
      0.614   -481.203   -349.514   -536.354
      0.629   -488.333   -361.568   -538.534
      0.643   -501.071   -367.048   -553.223
      0.657   -511.864   -382.615   -565.094
      0.671   -523.173   -387.462   -575.203
      0.686   -531.814   -399.696   -590.180
      0.700   -541.770   -410.616   -600.547
      0.714   -556.273   -421.146   -608.582
      0.729   -569.978   -422.196   -630.355
      0.743   -575.719   -435.146   -638.257
      0.757   -591.259   -448.594   -649.396
      0.771   -604.876   -453.683   -669.028
      0.786   -606.760   -458.560   -683.104
      0.800   -611.279   -475.835   -692.795
      0.814   -622.473   -481.736   -700.254
      0.829   -632.739   -497.780   -725.971
      0.843   -632.672   -505.013   -730.537
      0.857   -644.347   -514.159   -741.849
      0.871   -644.918   -523.190   -752.321
      0.886   -656.687   -533.688   -749.965
      0.900   -669.091   -535.664   -760.606
      0.914   -681.427   -530.538   -788.850
      0.929   -690.285   -539.522   -790.585
      0.943   -692.651   -545.113   -800.392
      0.957   -716.637   -543.839   -817.178
      0.971   -720.796   -538.704   -836.834
      0.986   -727.845   -549.686   -857.680
      1.000   -730.145   -544.820   -865.091
      1.014   -721.375   -540.621   -876.314
      1.029   -721.342   -536.435   -905.076
      1.043   -738.814   -539.151   -915.229
      1.057   -738.547   -535.066   -946.631
      1.071   -749.500   -532.063   -953.518
      1.086   -743.831   -539.510   -976.144
      1.100   -769.258   -536.391   -979.477
      1.114   -777.075   -537.368   -984.098
      1.129   -794.414   -537.031   -988.108
      1.143   -796.488   -534.392   -996.981
      1.157   -798.399   -534.657   -999.988
      1.171   -804.751   -534.277  -1018.822
      1.186   -809.190   -536.060  -1030.612
      1.200   -825.118   -534.580  -1044.070
      1.214   -831.393   -529.561  -1060.576
      1.229   -827.404   -526.627  -1088.561
      1.243   -822.997   -525.584  -1096.694
      1.257   -815.413   -523.387  -1105.213
      1.271   -809.733   -523.828  -1105.731
      1.286   -823.919   -520.857  -1109.463
      1.300   -829.165   -520.572  -1120.797
      1.314   -837.360   -519.069  -1124.124
      1.329   -840.620   -519.471  -1141.815
      1.343   -840.826   -518.334  -1138.604
      1.357   -859.239   -517.590  -1142.320
      1.371   -866.526   -518.373  -1150.886
      1.386   -851.855   -520.891  -1156.961
      1.400   -872.859   -522.913  -1166.365
      1.414   -870.450   -523.472  -1169.220
      1.429   -887.716   -523.555  -1169.744
      1.443   -906.115   -524.079  -1185.493
      1.457   -901.751   -523.322  -1192.119
      1.471   -902.232   -522.523  -1200.653
      1.486   -904.339   -517.089  -1196.247
      1.500   -897.361   -516.267  -1190.090
      1.514   -896.318   -512.646  -1199.515
      1.529   -890.426   -510.639  -1206.145
      1.543   -894.437   -506.308  -1218.305
      1.557   -925.000   -505.919  -1229.245
      1.571   -921.215   -502.896  -1238.297
      1.586   -930.519   -500.141  -1239.452
      1.600   -955.678   -500.489  -1250.209
      1.614   -945.701   -502.458  -1262.708
      1.629   -948.623   -500.817  -1268.343
      1.643   -962.905   -498.440  -1259.706
      1.657   -985.391   -502.464  -1267.125
      1.671  -1010.218   -501.797  -1271.290
      1.686  -1033.652   -507.378  -1277.443
      1.700  -1056.664   -510.493  -1278.885
      1.714  -1072.749   -512.022  -1285.288
      1.729  -1104.713   -512.663  -1288.022
      1.743  -1116.302   -513.435  -1296.163
      1.757  -1112.762   -513.220  -1302.827
      1.771  -1137.932   -508.208  -1295.357
      1.786  -1141.230   -502.749  -1292.908
      1.800  -1161.794   -503.160  -1301.863
      1.814  -1176.555   -505.310  -1301.807
      1.829  -1197.512   -504.962  -1304.288
      1.843  -1196.312   -499.972  -1306.125
      1.857  -1205.936   -498.550  -1312.553
      1.871  -1234.274   -501.386  -1316.999
      1.886  -1232.312   -490.188  -1318.482
      1.900  -1271.340   -498.947  -1326.495
      1.914  -1278.015   -500.800  -1337.218
      1.929  -1290.373   -504.950  -1337.019
      1.943  -1286.316   -505.022  -1351.154
      1.957  -1277.516   -498.032  -1357.767
      1.971  -1285.283   -496.088  -1348.254
      1.986  -1301.975   -491.650  -1342.554
      2.000  -1306.162   -488.857  -1351.139
      2.014  -1317.189   -481.576  -1353.831
      2.029  -1325.815   -493.407  -1360.492
      2.043  -1344.846   -501.531  -1360.659
      2.057  -1369.307   -504.593  -1374.390
      2.071  -1400.673   -502.322  -1380.883
      2.086  -1396.845   -505.336  -1384.699
      2.100  -1409.305   -509.929  -1400.256
      2.114  -1423.452   -509.459  -1410.817
      2.129  -1419.553   -502.864  -1417.609
      2.143  -1438.831   -507.551  -1420.515
      2.157  -1461.116   -498.296  -1424.497
      2.171  -1494.760   -514.554  -1437.384
      2.186  -1474.071   -511.002  -1444.575
      2.200  -1473.694   -504.714  -1446.267
      2.214  -1486.245   -504.052  -1452.179
      2.229  -1508.453   -505.360  -1463.946
      2.243  -1516.758   -502.381  -1471.700
      2.257  -1519.398   -504.917  -1477.826
      2.271  -1547.322   -505.827  -1490.718
      2.286  -1545.931   -517.351  -1496.634
      2.300  -1550.568   -509.139  -1504.616
      2.314  -1576.318   -507.425  -1508.627
      2.329  -1613.147   -518.592  -1518.384
      2.343  -1601.787   -520.557  -1525.559
      2.357  -1623.591   -525.760  -1533.181
      2.371  -1620.340   -535.573  -1546.115
      2.386  -1605.573   -539.952  -1554.167
      2.400  -1591.575   -541.924  -1563.498
      2.414  -1607.804   -549.239  -1570.752
      2.429  -1606.399   -543.723  -1580.153
      2.443  -1611.227   -545.295  -1589.196
      2.457  -1623.435   -538.999  -1598.369
      2.471  -1640.971   -545.223  -1609.456
      2.486  -1629.699   -552.670  -1619.513
      2.500  -1653.595   -549.281  -1630.672
      2.514  -1676.028   -553.026  -1639.102
      2.529  -1695.770   -557.338  -1648.593
      2.543  -1719.554   -567.760  -1658.976
      2.557  -1718.535   -564.286  -1668.512
      2.571  -1729.299   -560.135  -1679.081
      2.586  -1724.887   -564.648  -1691.321
      2.600  -1732.768   -557.277  -1704.704
      2.614  -1742.740   -556.255  -1717.879
      2.629  -1752.062   -552.324  -1730.505
      2.643  -1731.593   -548.950  -1742.457
      2.657  -1747.203   -529.834  -1753.744
      2.671  -1772.356   -527.430  -1765.297
      2.686  -1783.863   -521.760  -1776.771
      2.700  -1810.331   -521.738  -1787.718
      2.714  -1824.840   -528.422  -1798.550
      2.729  -1839.831   -536.503  -1809.965
      2.743  -1849.030   -535.207  -1821.216
      2.757  -1863.661   -536.389  -1832.037
      2.771  -1876.150   -533.251  -1842.671
      2.786  -1870.794   -528.511  -1852.877
      2.800  -1888.079   -531.873  -1863.076
      2.814  -1910.730   -538.007  -1873.836
      2.829  -1910.605   -536.505  -1884.730
      2.843  -1915.540   -541.018  -1894.579
      2.857  -1935.897   -545.465  -1903.843
      2.871  -1951.525   -544.193  -1912.003
      2.886  -1951.909   -550.772  -1921.397
      2.900  -1959.487   -552.706  -1932.339
      2.914  -1963.284   -553.355  -1942.725
      2.929  -1986.055   -554.338  -1953.804
      2.943  -1986.334   -565.530  -1963.929
      2.957  -1997.887   -565.603  -1974.604
      2.971  -2022.171   -569.956  -1986.980
      2.986  -2039.072   -581.506  -1997.365
      3.000  -2047.129   -586.416  -2007.567
      3.014  -2056.421   -589.782  -2018.016
      3.029  -2081.197   -593.057  -2028.042
      3.043  -2080.714   -592.461  -2036.795
      3.057  -2113.259   -593.249  -2048.775
      3.071  -2139.468   -587.390  -2060.742
      3.086  -2173.165   -593.126  -2075.073
      3.100  -2205.103   -597.378  -2088.252
      3.114  -2214.111   -598.929  -2099.482
      3.129  -2224.865   -602.861  -2108.082
      3.143  -2236.573   -605.938  -2121.727
      3.157  -2253.729   -615.871  -2131.525
      3.171  -2283.067   -618.487  -2144.924
      3.186  -2292.387   -626.272  -2156.142
      3.200  -2302.060   -631.415  -2170.073
      3.214  -2317.921   -636.765  -2184.775
      3.229  -2332.484   -642.656  -2197.882
      3.243  -2356.298   -650.241  -2212.687
      3.257  -2368.934   -655.374  -2224.382
      3.271  -2395.032   -656.862  -2233.503
      3.286  -2410.830   -663.635  -2245.243
      3.300  -2427.058   -667.511  -2255.314
      3.314  -2445.864   -671.176  -2263.504
      3.329  -2473.510   -675.379  -2277.309
      3.343  -2493.793   -679.651  -2285.929
      3.357  -2542.338   -683.360  -2304.749
      3.371  -2568.197   -688.024  -2306.783
      3.386  -2582.904   -691.373  -2311.707
      3.400  -2600.274   -694.786  -2332.094
      3.414  -2635.113   -699.034  -2344.790
      3.429  -2643.116   -702.683  -2359.693
      3.443  -2655.057   -705.228  -2370.366
      3.457  -2668.150   -707.011  -2388.756
      3.471  -2695.101   -705.662  -2409.690
      3.486  -2716.905   -700.757  -2421.140
      3.500  -2732.080   -695.580  -2436.160
      3.514  -2739.091   -692.101  -2443.850
      3.529  -2761.529   -686.702  -2450.183
      3.543  -2779.075   -680.840  -2457.700
      3.557  -2802.338   -668.034  -2477.878
      3.571  -2818.249   -658.269  -2474.225
      3.586  -2835.613   -644.840  -2492.459
      3.600  -2849.861   -630.790  -2498.129
      3.614  -2862.649   -622.192  -2525.228
      3.629  -2883.987   -595.820  -2539.307
      3.643  -2901.469   -584.952  -2561.422
      3.657  -2916.557   -549.984  -2584.007
      3.671  -2938.189   -526.214  -2605.205
      3.686  -2956.615   -488.009  -2627.207
      3.700  -2971.207   -446.566  -2653.730
      3.714  -2988.623   -394.830  -2676.082
      3.729  -3007.174   -331.339  -2695.750
      3.743  -3022.211   -271.313  -2712.274
      3.757  -3039.549   -181.149  -2743.911
      3.771  -3056.308    -81.238  -2778.762
      3.786  -3073.334     48.972  -2801.033
      3.800  -3091.210    158.060  -2840.903
      3.814  -3106.846    322.590  -2879.621
      3.829  -3121.841    481.252  -2920.536
      3.843  -3138.408    672.055  -2961.641
      3.857  -3159.289    882.872  -3018.387
      3.871  -3180.605   1157.967  -3053.455
      3.886  -3209.659   1492.582  -3100.670
      3.900  -3247.048   1805.837  -3158.012
      3.914  -3291.646   2113.546  -3214.997
      3.929  -3336.356   2396.198  -3268.135
      3.943  -3383.825   2731.002  -3311.968
      3.957  -3423.531   2910.492  -3331.313
      3.971  -3449.965   3035.161  -3313.715
      3.986  -3464.343   2992.978  -3244.860
      4.000  -3455.666   2841.660  -3136.095
      4.014  -3421.734   2666.013  -2989.738
      4.029  -3379.874   2508.498  -2759.436
      4.043  -3315.047   2142.536  -2572.079
      4.057  -3242.510   1794.529  -2351.789
      4.071  -3156.306   1432.921  -2167.275
      4.086  -3077.831   1076.527  -1976.440
      4.100  -2996.739    782.720  -1805.756
      4.114  -2861.811    363.889  -1765.570
      4.129  -2846.017    211.334  -1509.267
      4.143  -2787.547     -2.028  -1390.428
      4.157  -2722.697   -227.649  -1305.370
      4.171  -2645.641   -445.062  -1238.078
      4.186  -2572.217   -606.802  -1154.788
      4.200  -2525.348   -713.573  -1097.770
      4.214  -2452.172   -834.006  -1026.438
      4.229  -2398.777   -997.823  -1016.643
      4.243  -2349.302  -1059.121   -973.893
      4.257  -2267.819  -1137.829   -928.510
      4.271  -2211.987  -1259.743   -915.581
      4.286  -2158.581  -1360.592   -913.518
      4.300  -2082.820  -1498.202   -899.069
      4.314  -2026.515  -1603.142   -859.058
      4.329  -1966.726  -1639.870   -821.042
      4.343  -1895.027  -1780.310   -861.706
      4.357  -1827.523  -1835.747   -844.070
      4.371  -1762.929  -1895.636   -774.420
      4.386  -1688.944  -1879.031   -795.266
      4.400  -1604.433  -1896.949   -819.713
      4.414  -1547.544  -1919.848   -772.218
      4.429  -1467.570  -1978.216   -822.207
      4.443  -1388.247  -1993.942   -775.198
      4.457  -1348.662  -2073.975   -772.448
      4.471  -1258.916  -2093.710   -770.557
      4.486  -1202.972  -2228.537   -726.209
      4.500  -1169.081  -2172.058   -684.039
      4.514  -1093.835  -2167.033   -689.738
      4.529  -1028.206  -2196.471   -655.941
      4.543   -971.981  -2198.922   -603.489
      4.557   -912.247  -2235.612   -581.682
      4.571   -867.388  -2333.230   -557.303
      4.586   -833.458  -2316.178   -522.938
      4.600   -758.813  -2263.536   -508.068
      4.614   -665.974  -2255.789   -527.450
      4.629   -515.716  -2353.114   -565.219
      4.643   -499.920  -2256.528   -539.496
      4.657   -461.631  -2256.596   -561.457
      4.671   -384.485  -2200.768   -517.758
      4.686   -335.345  -2127.844   -530.054
      4.700   -278.074  -2128.705   -483.131
      4.714   -218.973  -2099.566   -489.363
      4.729   -196.175  -2078.407   -496.744
      4.743   -120.141  -2074.300   -398.712
      4.757    -93.579  -2057.421   -347.941
      4.771    -58.026  -2018.485   -339.682
      4.786     33.155  -1993.907   -291.983
      4.800     35.935  -1916.873   -240.210
      4.814     71.222  -1873.326   -229.438
      4.829    104.958  -1814.967   -183.445
      4.843    137.051  -1774.329   -202.550
      4.857    198.829  -1717.481   -206.629
      4.871    193.480  -1621.920   -186.941
      4.886    265.265  -1599.348   -157.431
      4.900    309.539  -1568.886    -97.765
      4.914    322.265  -1494.398    -60.892
      4.929    345.793  -1398.092    -78.143
      4.943    407.138  -1343.007    -59.908
      4.957    407.169  -1332.370    -24.244
      4.971    425.424  -1203.125    -24.482
      4.986    431.196  -1116.369    -54.908
      5.000    498.549  -1031.957    -67.809
      5.014    554.181   -962.174    -86.821
      5.029    597.344   -864.922    -66.503
      5.043    624.785   -819.756    -16.664
      5.057    633.578   -709.612    -65.346
      5.071    677.987   -680.546    -24.712
      5.086    682.860   -588.940      1.478
      5.100    677.659   -489.906     -7.999
      5.114    687.914   -403.074      7.546
      5.129    692.565   -307.434    -12.843
      5.143    699.070   -232.733    -45.905
      5.157    730.344   -128.335     -7.917
      5.171    748.931    -37.887    -43.196
      5.186    726.453     72.273    -23.408
      5.200    783.408    171.156    -26.804
      5.214    849.706    263.701    -32.488
      5.229    839.305    352.699    -17.833
      5.243    786.109    460.360    -21.135
      5.257    836.936    557.073    -27.845
      5.271    859.773    662.374    -55.855
      5.286    877.784    760.871    -12.967
      5.300    892.858    872.947    -17.556
      5.314    880.639    979.803    -17.068
      5.329    939.304   1090.508      3.385
      5.343    895.471   1204.381     44.751
      5.357    888.955   1327.377     41.704
      5.371    896.526   1452.601     44.814
      5.386    880.015   1580.378     31.754
      5.400    870.193   1713.333     -3.856
      5.414    881.732   1847.073     13.102
      5.429    880.307   1991.930     18.415
      5.443    855.607   2129.418     14.346
      5.457    903.660   2278.539     15.420
      5.471    901.390   2435.735     30.611
      5.486    897.180   2604.913     51.135
      5.500    880.427   2768.307     32.664
      5.514    920.918   2941.691     25.696
      5.529    935.044   3136.940     14.256
      5.543    928.974   3346.675     25.459
      5.557    872.566   3559.198     67.130
      5.571    838.889   3778.760     28.183
      5.586    810.937   3996.225     39.368
      5.600    767.180   4265.368     35.211
      5.614    725.970   4523.286    -14.082
      5.629    686.908   4765.783    -10.495
      5.643    674.032   5080.331    -29.931
      5.657    650.422   5369.303    -33.669
      5.671    656.586   5701.806    -31.726
      5.686    613.657   6086.533    -31.591
      5.700    525.327   6539.291    -12.562
      5.714    388.136   6952.648    -14.563
      5.729    279.696   7463.226     -7.979
      5.743    189.787   8026.669    -42.876
      5.757    103.638   8597.476    -50.560
      5.771     16.387   9287.701    -67.048
      5.786   -132.627   9960.458    -61.303
      5.800   -370.690  10812.146    -64.554
      5.814   -682.045  11894.287    -83.393
      5.829  -1206.709  13197.272   -113.145
      5.843  -2164.576  14527.899   -160.050
      5.857  -3235.748  12361.578     72.327
      5.871  -2613.040   9719.649    394.824
      5.886  -1884.903   8267.741    613.527
      5.900  -1258.240   7324.221    783.933
      5.914   -789.953   6534.222    908.178
      5.929   -435.939   5806.376   1001.007
      5.943   -113.222   5170.670   1087.908
      5.957    229.770   4838.030   1150.472
      5.971    567.405   4557.131   1214.212
      5.986    910.193   4421.647   1273.571
      6.000   1227.823   4439.092   1344.973
      6.014   1478.001   4442.339   1411.298
      6.029   1675.564   4304.545   1463.680
      6.043   1835.454   4109.490   1522.614
      6.057   1996.714   3996.686   1575.260
      6.071   2119.359   3709.618   1619.417
      6.086   2266.969   3372.007   1659.283
      6.100   2411.652   3131.545   1705.668
      6.114   2508.350   2702.818   1747.432
      6.129   2607.516   2299.430   1789.726
      6.143   2740.431   1912.243   1823.888
      6.157   2887.465   1407.920   1864.752
      6.171   3052.437    925.730   1920.231
      6.186   3228.127    289.046   1980.943
      6.200   3468.153   -543.351   2057.372
      6.214   3810.329  -1932.024   2163.272
      6.229   4308.591  -5273.178   2375.516
      6.243   3024.469   -904.691   2410.607
      6.257   2394.690   2364.955   2183.388
      6.271   1976.444   4174.609   1942.260
      6.286   1667.981   5233.465   1709.333
      6.300   1458.251   6156.380   1500.576
      6.314   1825.802   6627.328   1550.978
      6.329   2183.115   4477.593   1951.595
      6.343   2191.327   4704.549   1868.839
      6.357   2200.704   4823.727   1820.573
      6.371   2259.036   4571.013   1808.408
      6.386   2309.914   4508.580   1801.305
      6.400   2366.784   4262.770   1861.397
      6.414   2401.423   4084.539   1900.567
      6.429   2440.225   3660.619   1987.613
      6.443   2390.771   3258.688   2048.986
      6.457   2421.292   3058.177   2063.660
      6.471   2361.263   3196.588   2053.235
      6.486   2341.985   3226.689   2061.459
      6.500   2313.917   3247.528   2046.464
      6.514   2305.938   3317.851   2027.609
      6.529   2320.334   3493.520   2004.638
      6.543   2334.783   3746.845   1989.808
      6.557   2359.756   3744.600   2011.879
      6.571   2404.801   3780.496   2042.080
      6.586   2345.152   3966.304   2057.695
      6.600   2311.353   4041.990   2051.958
      6.614   2300.546   3885.096   2076.173
      6.629   2328.935   3816.139   2098.562
      6.643   2293.597   3760.948   2119.336
      6.657   2243.836   3671.332   2140.795
      6.671   2192.460   3691.341   2128.758
      6.686   2281.377   3681.661   2167.059
      6.700   2238.456   3708.857   2183.758
      6.714   2340.239   3694.698   2164.428
      6.729   2348.816   3572.139   2189.642
      6.743   2315.524   3542.345   2182.929
      6.757   2348.234   3694.631   2185.550
      6.771   2406.244   3436.942   2222.805
      6.786   2420.553   3255.336   2246.838
      6.800   2341.842   3372.969   2224.780
      6.814   2361.999   3424.552   2233.165
      6.829   2384.380   3394.446   2248.433
      6.843   2403.759   3427.130   2252.692
      6.857   2388.093   3366.745   2252.063
      6.871   2350.115   3324.113   2266.893
      6.886   2370.532   3258.826   2277.553
      6.900   2352.184   3345.296   2271.386
      6.914   2332.939   3360.323   2260.386
      6.929   2349.099   3324.694   2279.647
      6.943   2337.629   3360.551   2288.870
      6.957   2316.880   3441.009   2282.050
      6.971   2353.660   3383.560   2295.964
      6.986   2363.086   3333.453   2295.809
      7.000   2378.831   3461.073   2293.758
      7.014   2462.202   3391.343   2314.098
      7.029   2494.693   3302.942   2325.694
      7.043   2486.976   3325.784   2327.834
      7.057   2461.567   3388.764   2339.300
      7.071   2531.048   3217.199   2356.656
      7.086   2544.789   3340.530   2356.822
      7.100   2533.279   3457.100   2349.054
      7.114   2518.826   3519.894   2354.010
      7.129   2565.956   3507.285   2360.548
      7.143   2576.225   3596.440   2357.888
      7.157   2582.096   3631.838   2349.393
      7.171   2565.394   3672.269   2354.761
      7.186   2535.650   3740.069   2344.847
      7.200   2570.839   3761.766   2348.598
      7.214   2575.219   3768.080   2350.072
      7.229   2541.946   3821.022   2340.863
      7.243   2527.706   3910.263   2334.752
      7.257   2489.240   3897.913   2331.549
      7.271   2548.898   3801.614   2335.311
      7.286   2542.196   3742.867   2338.080
      7.300   2517.239   3785.781   2326.286
      7.314   2527.830   3849.450   2315.018
      7.329   2562.641   3928.994   2315.897
      7.343   2559.009   3991.866   2310.270
      7.357   2580.786   3957.896   2307.671
      7.371   2603.723   4063.195   2312.490
      7.386   2679.205   4082.408   2309.872
      7.400   2654.609   4126.528   2315.445
      7.414   2619.629   4102.586   2310.978
      7.429   2585.164   4106.002   2314.177
      7.443   2561.535   4128.829   2318.726
      7.457   2560.445   4122.020   2315.774
      7.471   2548.388   4076.454   2319.666
      7.486   2561.874   4053.670   2323.822
      7.500   2573.470   4003.874   2319.733
      7.514   2578.796   4118.302   2317.638
      7.529   2593.749   4057.466   2322.625
      7.543   2609.372   4123.432   2327.561
      7.557   2584.874   4132.004   2324.712
      7.571   2580.455   4172.192   2325.864
      7.586   2595.182   4190.190   2320.367
      7.600   2556.739   4282.865   2316.873
      7.614   2580.021   4217.280   2319.431
      7.629   2637.112   4110.904   2322.923
      7.643   2639.711   4174.831   2322.024
      7.657   2652.822   4185.276   2322.554
      7.671   2683.201   4086.883   2322.561
      7.686   2682.327   4134.721   2321.912
      7.700   2669.191   4236.679   2314.883
      7.714   2708.351   4243.942   2312.700
      7.729   2727.212   4360.930   2311.642
      7.743   2724.601   4364.659   2305.930
      7.757   2672.202   4467.623   2302.032
      7.771   2699.056   4442.518   2295.833
      7.786   2705.776   4452.298   2298.952
      7.800   2705.202   4469.462   2301.668
      7.814   2729.234   4530.325   2298.206
      7.829   2706.458   4368.347   2311.825
      7.843   2783.009   4300.948   2313.717
      7.857   2786.131   4336.662   2314.557
      7.871   2738.406   4400.820   2310.939
      7.886   2743.409   4461.016   2301.872
      7.900   2724.111   4429.024   2308.179
      7.914   2692.528   4401.617   2311.377
      7.929   2692.187   4377.936   2307.786
      7.943   2695.115   4277.567   2312.671
      7.957   2661.445   4295.868   2308.146
      7.971   2569.884   4379.801   2293.976
      7.986   2608.093   4374.561   2284.919
      8.000   2621.864   4363.652   2279.473
      8.014   2629.741   4324.378   2267.540
      8.029   2620.554   4406.790   2263.726
      8.043   2623.094   4474.653   2253.960
      8.057   2612.563   4489.359   2250.335
      8.071   2608.535   4528.537   2244.302
      8.086   2581.784   4539.670   2223.979
      8.100   2569.274   4541.304   2220.574
      8.114   2607.010   4606.343   2217.062
      8.129   2601.055   4585.137   2226.298
      8.143   2602.392   4567.358   2228.224
      8.157   2534.039   4656.275   2219.367
      8.171   2540.429   4708.879   2204.860
      8.186   2572.775   4691.367   2204.483
      8.200   2637.312   4541.857   2193.967
      8.214   2643.160   4444.664   2200.800
      8.229   2588.243   4424.067   2196.692
      8.243   2556.820   4525.338   2183.470
      8.257   2569.859   4428.159   2179.660
      8.271   2548.464   4447.463   2163.031
      8.286   2553.638   4444.212   2153.712
      8.300   2563.040   4444.603   2154.826
      8.314   2522.180   4401.203   2144.395
      8.329   2558.252   4364.880   2134.511
      8.343   2526.975   4361.172   2132.785
      8.357   2479.978   4317.759   2131.715
      8.371   2475.176   4215.093   2140.804
      8.386   2454.244   4002.247   2144.654
      8.400   2450.492   4084.784   2134.442
      8.414   2385.488   3978.628   2139.780
      8.429   2443.724   3912.972   2135.745
      8.443   2483.292   3927.106   2134.762
      8.457   2447.574   3884.328   2132.813
      8.471   2454.121   3839.485   2123.434
      8.486   2435.484   3890.604   2125.011
      8.500   2412.307   3712.830   2119.684
      8.514   2400.316   3667.146   2120.595
      8.529   2370.775   3714.552   2119.228
      8.543   2334.420   3678.644   2113.810
      8.557   2385.193   3739.417   2117.811
      8.571   2406.404   3790.065   2121.196
      8.586   2412.522   3781.935   2135.825
      8.600   2422.387   3605.387   2150.040
      8.614   2436.307   3434.952   2152.876
      8.629   2475.722   3415.136   2160.575
      8.643   2519.554   3383.637   2158.031
      8.657   2524.917   3360.574   2154.339
      8.671   2564.401   3412.022   2155.004
      8.686   2586.938   3416.247   2161.407
      8.700   2576.361   3460.207   2159.722
      8.714   2542.170   3595.376   2162.663
      8.729   2541.027   3582.948   2166.943
      8.743   2527.390   3613.670   2169.570
      8.757   2484.499   3707.737   2159.282
      8.771   2427.922   3748.596   2153.507
      8.786   2439.744   3778.045   2150.257
      8.800   2446.208   3811.102   2150.658
      8.814   2416.840   3770.721   2151.251
      8.829   2417.554   3764.187   2151.554
      8.843   2446.941   3739.468   2150.030
      8.857   2478.581   3651.915   2150.320
      8.871   2476.342   3675.172   2141.617
      8.886   2472.998   3734.907   2133.958
      8.900   2521.925   3759.126   2135.220
      8.914   2496.553   3680.560   2137.559
      8.929   2522.249   3820.966   2130.244
      8.943   2475.450   3870.710   2126.842
      8.957   2476.431   3798.088   2114.326
      8.971   2482.172   3825.854   2112.522
      8.986   2469.524   3781.752   2113.902
      9.000   2470.674   3863.196   2105.561
      9.014   2445.042   3882.884   2096.474
      9.029   2534.915   3934.151   2096.351
      9.043   2547.553   3834.030   2099.682
      9.057   2548.176   3989.459   2092.636
      9.071   2551.969   4057.520   2088.487
      9.086   2577.498   3964.117   2088.511
      9.100   2589.957   4151.517   2100.424
      9.114   2499.441   4059.153   2095.022
      9.129   2501.038   4042.655   2091.387
      9.143   2486.608   3928.526   2089.764
      9.157   2465.780   3825.217   2078.393
      9.171   2528.609   3902.534   2083.454
      9.186   2535.873   4045.250   2076.248
      9.200   2473.026   3996.707   2071.029
      9.214   2465.232   3883.748   2065.279
      9.229   2502.649   3904.299   2057.224
      9.243   2494.139   4009.428   2053.204
      9.257   2524.881   3999.640   2059.569
      9.271   2543.224   4046.326   2049.746
      9.286   2527.689   4018.210   2055.084
      9.300   2524.123   3871.380   2040.402
      9.314   2508.857   3946.132   2027.568
      9.329   2487.891   4007.161   2024.578
      9.343   2468.883   4026.765   2024.897
      9.357   2502.849   3915.807   2015.955
      9.371   2576.077   3923.844   2007.323
      9.386   2617.243   4036.092   2007.386
      9.400   2643.525   4122.090   2005.914
      9.414   2662.250   4202.300   2008.495
      9.429   2626.017   4180.497   1999.611
      9.443   2610.063   4038.184   1998.532
      9.457   2718.910   4195.303   1992.744
      9.471   2750.273   4326.530   1996.335
      9.486   2687.116   4404.569   1987.020
      9.500   2738.403   4559.018   1962.362
      9.514   2712.861   4590.047   1969.786
      9.529   2690.393   4632.837   1983.515
      9.543   2696.787   4739.051   1983.217
      9.557   2708.631   4684.913   1977.408
      9.571   2697.705   4731.267   1968.525
      9.586   2700.254   4799.775   1955.598
      9.600   2682.219   4888.020   1964.722
      9.614   2714.344   4905.071   1951.056
      9.629   2663.961   4977.503   1953.407
      9.643   2668.976   4889.138   1948.960
      9.657   2614.667   4977.484   1934.425
      9.671   2580.690   5043.407   1923.768
      9.686   2559.531   4987.811   1925.441
      9.700   2549.445   4945.187   1937.424
      9.714   2615.168   4933.592   1941.746
      9.729   2598.420   4875.164   1944.507
      9.743   2581.892   4858.717   1952.560
      9.757   2576.372   4800.127   1943.542
      9.771   2500.078   4875.910   1940.847
      9.786   2485.715   4843.232   1952.245
      9.800   2451.089   4678.021   1954.859
      9.814   2437.556   4668.641   1940.447
      9.829   2428.799   4589.116   1930.369
      9.843   2439.381   4656.816   1938.030
      9.857   2465.837   4537.019   1925.362
      9.871   2411.261   4521.139   1922.609
      9.886   2415.411   4463.340   1907.775
      9.900   2441.579   4402.957   1906.674
      9.914   2473.699   4395.238   1906.568
      9.929   2455.210   4312.787   1900.701
      9.943   2476.976   4383.353   1906.126
      9.957   2465.312   4303.548   1907.392
      9.971   2500.217   4405.555   1916.989
      9.986   2511.610   4422.605   1907.222
     10.000   2454.268   4483.254   1906.214
     10.014   2419.851   4431.080   1895.005
     10.029   2441.352   4454.817   1891.150
     10.043   2443.576   4488.155   1883.894
     10.057   2481.644   4495.486   1871.759
     10.071   2501.157   4486.282   1887.176
     10.086   2519.028   4526.412   1877.613
     10.100   2532.310   4552.219   1863.132
     10.114   2539.365   4643.383   1882.085
     10.129   2593.055   4554.514   1879.779
     10.143   2600.041   4597.871   1873.341
     10.157   2606.611   4663.197   1867.280
     10.171   2624.332   4667.520   1871.102
     10.186   2590.819   4667.466   1874.335
     10.200   2587.697   4498.881   1878.179
     10.214   2605.492   4484.089   1878.865
     10.229   2545.439   4572.225   1883.466
     10.243   2523.336   4578.274   1886.707
     10.257   2585.836   4588.340   1894.556
     10.271   2566.929   4621.851   1901.446
     10.286   2526.062   4557.246   1893.078
     10.300   2549.416   4519.808   1898.419
     10.314   2517.886   4449.694   1903.135
     10.329   2528.971   4450.598   1905.835
     10.343   2544.835   4408.500   1907.897
     10.357   2564.880   4361.055   1907.437
     10.371   2578.991   4454.471   1894.215
     10.386   2575.508   4414.790   1904.701
     10.400   2595.085   4385.720   1914.471
     10.414   2616.988   4330.270   1916.312
     10.429   2633.868   4343.906   1918.258
     10.443   2663.897   4247.799   1917.009
     10.457   2629.882   4125.629   1925.346
     10.471   2691.542   3907.299   1934.499
     10.486   2720.884   3794.272   1939.588
     10.500   2731.469   3864.257   1947.037
     10.514   2686.233   3808.518   1955.835
     10.529   2761.082   3750.994   1957.778
     10.543   2741.599   3668.945   1961.867
     10.557   2781.295   3659.262   1971.567
     10.571   2788.355   3656.017   1984.744
     10.586   2790.085   3548.307   1988.621
     10.600   2805.377   3533.466   1998.906
     10.614   2789.219   3692.038   2003.883
     10.629   2825.811   3874.219   2010.399
     10.643   2844.099   3926.279   2012.562
     10.657   2825.685   3974.151   2015.412
     10.671   2865.567   3950.766   2020.170
     10.686   2885.141   3955.073   2034.200
     10.700   2867.333   4004.885   2020.188
     10.714   2837.845   4084.300   2029.289
     10.729   2861.048   4193.690   2040.240
     10.743   2890.750   4273.554   2043.059
     10.757   2942.003   4291.016   2047.944
     10.771   2974.346   4353.646   2044.255
     10.786   2980.056   4240.682   2044.066
     10.800   3020.305   4353.898   2042.041
     10.814   3013.645   4455.033   2048.499
     10.829   3048.335   4629.550   2057.899
     10.843   3037.639   4690.085   2068.497
     10.857   3052.547   4847.637   2076.909
     10.871   3026.885   4843.417   2086.435
     10.886   3021.989   4835.698   2089.075
     10.900   2976.877   4902.987   2076.956
     10.914   2955.330   4890.570   2081.287
     10.929   3002.478   4944.831   2079.635
     10.943   3052.881   5001.751   2080.136
     10.957   3025.273   5087.027   2086.086
     10.971   2978.027   5095.265   2076.032
     10.986   3000.840   5133.869   2079.881
     11.000   2944.345   5136.431   2072.033
     11.014   2870.506   5183.082   2088.011
     11.029   2908.824   5122.206   2098.791
     11.043   2909.746   5068.758   2093.964
     11.057   2945.137   4994.170   2092.361
     11.071   2917.494   5038.856   2101.625
     11.086   2956.897   4979.553   2101.982
     11.100   2982.388   5003.126   2111.039
     11.114   2950.460   5058.827   2116.008
     11.129   3001.435   4911.693   2116.835
     11.143   3014.036   4778.123   2119.668
     11.157   3048.791   4773.283   2130.505
     11.171   3080.462   4845.861   2137.302
     11.186   3092.580   4724.965   2124.046
     11.200   3098.403   4780.437   2153.391
     11.214   3038.403   4793.150   2155.168
     11.229   2999.228   4858.982   2160.898
     11.243   3060.886   4941.700   2158.427
     11.257   3024.671   5026.853   2186.354
     11.271   3034.659   5162.880   2210.124
     11.286   3013.447   5102.818   2226.050
     11.300   2971.348   5045.630   2213.835
     11.314   3011.876   4935.932   2224.883
     11.329   3001.765   4802.141   2244.135
     11.343   3052.334   4851.519   2248.947
     11.357   3019.704   4684.940   2262.916
     11.371   3008.085   4611.739   2241.940
     11.386   2983.545   4601.810   2246.644
     11.400   3030.146   4592.026   2276.827
     11.414   3058.285   4712.907   2280.341
     11.429   2982.524   4773.756   2268.837
     11.429   2982.525   4773.750   2268.836
