#         t          x          y          z         vx         vy         vz
      0.000    -98.600   -119.990   -127.780    -28.430    173.920     93.230
      0.010    -98.881   -118.247   -126.843    -27.735    174.758     94.129
      0.020    -99.155   -116.495   -125.897    -27.025    175.600     95.038
      0.030    -99.421   -114.735   -124.942    -26.299    176.445     95.959
      0.040    -99.681   -112.966   -123.978    -25.557    177.294     96.890
      0.050    -99.932   -111.189   -123.005    -24.798    178.147     97.833
      0.060   -100.176   -109.403   -122.021    -24.021    179.003     98.788
      0.070   -100.413   -107.609   -121.029    -23.227    179.862     99.754
      0.080   -100.641   -105.806   -120.026    -22.414    180.725    100.732
      0.090   -100.861   -103.994   -119.014    -21.582    181.591    101.723
      0.100   -101.072   -102.174   -117.992    -20.731    182.460    102.726
      0.110   -101.275   -100.345   -116.959    -19.860    183.332    103.741
      0.120   -101.469    -98.507   -115.917    -18.968    184.206    104.769
      0.130   -101.655    -96.661   -114.864    -18.056    185.083    105.811
      0.140   -101.830    -94.806   -113.801    -17.121    185.963    106.865
      0.150   -101.997    -92.942   -112.727    -16.164    186.844    107.933
      0.160   -102.154    -91.069   -111.642    -15.184    187.728    109.015
      0.170   -102.300    -89.187   -110.546    -14.180    188.613    110.111
      0.180   -102.437    -87.296   -109.440    -13.151    189.500    111.221
      0.190   -102.563    -85.397   -108.322    -12.097    190.387    112.346
      0.200   -102.679    -83.489   -107.193    -11.017    191.276    113.485
      0.210   -102.784    -81.571   -106.052     -9.910    192.165    114.639
      0.220   -102.877    -79.645   -104.900     -8.776    193.055    115.808
      0.230   -102.959    -77.710   -103.736     -7.613    193.944    116.992
      0.240   -103.029    -75.766   -102.560     -6.420    194.832    118.192
      0.250   -103.087    -73.814   -101.372     -5.197    195.720    119.408
      0.260   -103.133    -71.852   -100.172     -3.943    196.606    120.640
      0.270   -103.166    -69.882    -98.959     -2.657    197.490    121.888
      0.280   -103.186    -67.902    -97.734     -1.337    198.371    123.152
      0.290   -103.192    -65.914    -96.496      0.017    199.249    124.433
      0.300   -103.185    -63.917    -95.245      1.407    200.123    125.731
      0.310   -103.164    -61.912    -93.981      2.833    200.992    127.046
      0.320   -103.128    -59.898    -92.704      4.297    201.857    128.378
      0.330   -103.078    -57.875    -91.413      5.799    202.715    129.727
      0.340   -103.012    -55.843    -90.109      7.342    203.566    131.093
      0.350   -102.931    -53.803    -88.792      8.926    204.409    132.477
      0.360   -102.834    -51.755    -87.460     10.552    205.244    133.879
      0.370   -102.720    -49.699    -86.114     12.223    206.068    135.298
      0.380   -102.589    -47.634    -84.754     13.939    206.882    136.735
      0.390   -102.441    -45.561    -83.379     15.701    207.683    138.189
      0.400   -102.275    -43.480    -81.990     17.512    208.471    139.661
      0.410   -102.090    -41.392    -80.586     19.372    209.243    141.151
      0.420   -101.887    -39.295    -79.167     21.284    209.999    142.658
      0.430   -101.664    -37.192    -77.733     23.247    210.737    144.182
      0.440   -101.422    -35.081    -76.283     25.266    211.455    145.724
      0.450   -101.159    -32.963    -74.818     27.339    212.152    147.282
      0.460   -100.875    -30.838    -73.337     29.470    212.825    148.856
      0.470   -100.569    -28.706    -71.841     31.660    213.472    150.446
      0.480   -100.241    -26.569    -70.328     33.910    214.091    152.052
      0.490    -99.890    -24.425    -68.800     36.222    214.681    153.672
      0.500    -99.516    -22.275    -67.255     38.598    215.237    155.307
      0.510    -99.118    -20.120    -65.693     41.039    215.758    156.954
      0.520    -98.695    -17.960    -64.116     43.546    216.241    158.614
      0.530    -98.247    -15.796    -62.521     46.121    216.682    160.286
      0.540    -97.773    -13.627    -60.910     48.766    217.079    161.967
      0.550    -97.271    -11.454    -59.282     51.482    217.428    163.657
      0.560    -96.743     -9.278    -57.637     54.269    217.726    165.354
      0.570    -96.186     -7.100    -55.975     57.130    217.969    167.056
      0.580    -95.600     -4.919    -54.296     60.065    218.153    168.762
      0.590    -94.984     -2.737    -52.599     63.075    218.274    170.469
      0.600    -94.338     -0.554    -50.886     66.160    218.327    172.176
      0.610    -93.660      1.629    -49.156     69.321    218.309    173.879
      0.620    -92.951      3.812    -47.409     72.558    218.215    175.576
      0.630    -92.209      5.993    -45.644     75.871    218.039    177.263
      0.640    -91.433      8.172    -43.863     79.259    217.778    178.938
      0.650    -90.623     10.348    -42.066     82.723    217.426    180.597
      0.660    -89.778     12.520    -40.252     86.259    216.978    182.237
      0.670    -88.898     14.687    -38.421     89.867    216.428    183.852
      0.680    -87.981     16.848    -36.575     93.545    215.772    185.438
      0.690    -87.026     19.002    -34.713     97.289    215.005    186.992
      0.700    -86.034     21.148    -32.835    101.097    214.122    188.508
      0.710    -85.004     23.284    -30.943    104.965    213.117    189.981
      0.720    -83.935     25.409    -29.036    108.888    211.986    191.406
      0.730    -82.826     27.523    -27.115    112.862    210.725    192.777
      0.740    -81.677     29.623    -25.180    116.879    209.330    194.088
      0.750    -80.488     31.709    -23.233    120.935    207.796    195.334
      0.760    -79.259     33.778    -21.274    125.021    206.120    196.509
      0.770    -77.988     35.830    -19.303    129.131    204.301    197.607
      0.780    -76.676     37.864    -17.322    133.254    202.337    198.622
      0.790    -75.323     39.876    -15.331    137.383    200.225    199.548
      0.800    -73.928     41.867    -13.332    141.508    197.966    200.381
      0.810    -72.493     43.835    -11.324    145.618    195.560    201.114
      0.820    -71.016     45.778     -9.310    149.704    193.009    201.744
      0.830    -69.499     47.694     -7.290    153.753    190.315    202.266
      0.840    -67.941     49.583     -5.265    157.756    187.482    202.675
      0.850    -66.344     51.443     -3.237    161.701    184.514    202.968
      0.860    -64.707     53.273     -1.207    165.578    181.416    203.141
      0.870    -63.033     55.071      0.825    169.374    178.196    203.160
      0.880    -61.320     56.836      2.856    173.077    174.864    203.011
      0.890    -59.572     58.568      4.885    176.675    171.429    202.736
      0.900    -57.788     60.265      6.910    180.161    167.900    202.342
      0.910    -55.969     61.925      8.931    183.525    164.287    201.829
      0.920    -54.118     63.550     10.946    186.760    160.599    201.201
      0.930    -52.235     65.137     12.954    189.860    156.847    200.460
      0.940    -50.321     66.687     14.955    192.821    153.042    199.612
      0.950    -48.379     68.198     16.946    195.637    149.194    198.660
      0.960    -46.409     69.670     18.927    198.305    145.313    197.609
      0.970    -44.414     71.104     20.898    200.823    141.410    196.464
      0.980    -42.393     72.498     22.856    203.191    137.494    195.231
      0.990    -40.350     73.854     24.802    205.406    133.574    193.917
      1.000    -38.286     75.170     26.734    207.471    129.661    192.526
      1.010    -36.202     76.447     28.652    209.387    125.762    191.065
      1.020    -34.099     77.685     30.555    211.155    121.885    189.541
      1.030    -31.979     78.885     32.443    212.779    118.038    187.959
      1.040    -29.844     80.046     34.314    214.262    114.226    186.325
      1.050    -27.695     81.170     36.169    215.607    110.457    184.645
      1.060    -25.533     82.256     38.007    216.819    106.734    182.925
      1.070    -23.359     83.305     39.827    217.903    103.064    181.169
      1.080    -21.175     84.317     41.630    218.863     99.450    179.384
      1.090    -18.982     85.294     43.415    219.705     95.895    177.574
      1.100    -16.782     86.235     45.181    220.433     92.403    175.744
      1.110    -14.574     87.142     46.930    221.053     88.975    173.898
      1.120    -12.361     88.015     48.659    221.570     85.615    172.039
      1.130    -10.143     88.855     50.370    221.989     82.323    170.172
      1.140     -7.922     89.662     52.063    222.315     79.100    168.301
      1.150     -5.698     90.437     53.736    222.553     75.948    166.427
      1.160     -3.471     91.181     55.391    222.709     72.866    164.554
      1.170     -1.244     91.895     57.027    222.786     69.856    162.685
      1.180      0.984     92.579     58.645    222.790     66.915    160.822
      1.190      3.212     93.234     60.244    222.726     64.046    158.967
      1.200      5.438     93.860     61.824    222.596     61.246    157.123
      1.210      7.663     94.459     63.386    222.406     58.514    155.289
      1.220      9.886     95.031     64.930    222.160     55.851    153.470
      1.230     12.106     95.576     66.456    221.860     53.255    151.664
      1.240     14.323     96.096     67.964    221.511     50.725    149.875
      1.250     16.536     96.591     69.453    221.116     48.260    148.102
      1.260     18.745     97.062     70.926    220.679     45.858    146.346
      1.270     20.950     97.509     72.380    220.201     43.519    144.610
      1.280     23.149     97.932     73.818    219.687     41.240    142.892
      1.290     25.343     98.334     75.238    219.139     39.020    141.193
      1.300     27.532     98.713     76.642    218.559     36.858    139.515
      1.310     29.714     99.071     78.029    217.949     34.753    137.857
      1.320     31.891     99.408     79.399    217.313     32.703    136.219
      1.330     34.060     99.725     80.753    216.652     30.706    134.602
      1.340     36.223    100.023     82.091    215.968     28.762    133.006
      1.350     38.380    100.301     83.413    215.262     26.868    131.432
      1.360     40.529    100.560     84.720    214.538     25.023    129.878
      1.370     42.670    100.802     86.011    213.795     23.226    128.345
      1.380     44.804    101.025     87.287    213.037     21.476    126.833
      1.390     46.931    101.231     88.548    212.263     19.771    125.341
      1.400     49.050    101.421     89.794    211.477     18.110    123.871
      1.410     51.160    101.594     91.025    210.678     16.491    122.421
      1.420     53.263    101.751     92.242    209.868     14.914    120.991
      1.430     55.358    101.892     93.445    209.048     13.377    119.582
      1.440     57.444    102.019     94.634    208.219     11.879    118.193
      1.450     59.522    102.130     95.809    207.382     10.418    116.823
      1.460     61.592    102.227     96.971    206.538      8.994    115.473
      1.470     63.653    102.310     98.119    205.688      7.606    114.142
      1.480     65.705    102.379     99.254    204.833      6.252    112.829
      1.490     67.749    102.435    100.376    203.972      4.932    111.536
      1.500     69.785    102.478    101.485    203.108      3.644    110.261
      1.510     71.812    102.508    102.581    202.240      2.388    109.004
      1.520     73.830    102.526    103.665    201.369      1.162    107.765
      1.530     75.839    102.532    104.736    200.496     -0.035    106.544
      1.540     77.839    102.526    105.796    199.621     -1.202    105.339
      1.550     79.831    102.508    106.843    198.745     -2.342    104.152
      1.560     81.814    102.479    107.879    197.868     -3.454    102.982
      1.570     83.789    102.439    108.903    196.990     -4.540    101.827
      1.580     85.754    102.388    109.915    196.112     -5.601    100.689
      1.590     87.711    102.327    110.917    195.234     -6.637     99.567
      1.600     89.659    102.256    111.907    194.357     -7.649     98.460
      1.610     91.598    102.174    112.886    193.480     -8.637     97.368
      1.620     93.528    102.083    113.854    192.605     -9.603     96.292
      1.630     95.450    101.982    114.812    191.731    -10.547     95.230
      1.640     97.363    101.872    115.759    190.858    -11.469     94.182
      1.650     99.267    101.753    116.696    189.988    -12.371     93.149
      1.660    101.163    101.625    117.622    189.119    -13.252     92.129
      1.670    103.050    101.488    118.538    188.253    -14.114     91.123
      1.680    104.928    101.343    119.444    187.389    -14.957     90.131
      1.690    106.797    101.189    120.341    186.527    -15.781     89.151
      1.700    108.658    101.027    121.228    185.668    -16.587     88.185
      1.710    110.511    100.857    122.105    184.812    -17.376     87.231
      1.720    112.355    100.680    122.972    183.959    -18.147     86.289
      1.730    114.190    100.494    123.830    183.109    -18.902     85.359
      1.740    116.017    100.302    124.679    182.262    -19.641     84.442
      1.750    117.835    100.102    125.519    181.418    -20.364     83.536
      1.760    119.645     99.894    126.350    180.578    -21.071     82.641
      1.770    121.447     99.680    127.172    179.741    -21.764     81.758
      1.780    123.240     99.459    127.985    178.908    -22.442     80.886
      1.790    125.025     99.231    128.790    178.078    -23.107     80.024
      1.800    126.802     98.997    129.586    177.251    -23.757     79.174
      1.810    128.570     98.756    130.374    176.429    -24.394     78.333
      1.820    130.330     98.509    131.153    175.610    -25.018     77.503
      1.830    132.082     98.256    131.924    174.795    -25.629     76.683
      1.840    133.826     97.997    132.686    173.983    -26.228     75.873
      1.850    135.562     97.732    133.441    173.175    -26.815     75.072
      1.860    137.290     97.461    134.188    172.371    -27.390     74.281
      1.870    139.009     97.184    134.927    171.571    -27.954     73.499
      1.880    140.721     96.902    135.658    170.775    -28.506     72.727
      1.890    142.425     96.614    136.381    169.983    -29.048     71.963
      1.900    144.121     96.321    137.097    169.195    -29.579     71.208
      1.910    145.809     96.022    137.806    168.410    -30.099     70.462
      1.920    147.489     95.719    138.507    167.629    -30.609     69.724
      1.930    149.162     95.410    139.200    166.853    -31.110     68.995
      1.940    150.826     95.097    139.887    166.080    -31.601     68.274
      1.950    152.483     94.778    140.566    165.311    -32.082     67.560
      1.960    154.132     94.455    141.238    164.546    -32.554     66.855
      1.970    155.774     94.127    141.903    163.785    -33.017     66.157
      1.980    157.408     93.795    142.561    163.027    -33.472     65.468
      1.990    159.035     93.458    143.212    162.274    -33.918     64.785
      2.000    160.654     93.116    143.857    161.524    -34.355     64.110
      2.010    162.265     92.771    144.494    160.779    -34.784     63.442
      2.020    163.869     92.421    145.126    160.037    -35.205     62.781
      2.030    165.466     92.067    145.750    159.299    -35.619     62.128
      2.040    167.055     91.708    146.368    158.565    -36.025     61.481
      2.050    168.637     91.346    146.980    157.834    -36.423     60.841
      2.060    170.212     90.980    147.585    157.107    -36.814     60.207
      2.070    171.779     90.610    148.184    156.384    -37.198     59.580
      2.080    173.340     90.236    148.777    155.665    -37.575     58.959
      2.090    174.893     89.858    149.363    154.950    -37.945     58.345
      2.100    176.439     89.477    149.944    154.238    -38.308     57.737
      2.110    177.977     89.092    150.518    153.529    -38.665     57.135
      2.120    179.509     88.704    151.086    152.825    -39.016     56.538
      2.130    181.034     88.312    151.649    152.124    -39.360     55.948
      2.140    182.552     87.917    152.205    151.426    -39.698     55.364
      2.150    184.063     87.518    152.756    150.733    -40.030     54.785
      2.160    185.566     87.116    153.301    150.042    -40.356     54.212
      2.170    187.063     86.711    153.840    149.356    -40.676     53.644
      2.180    188.554     86.303    154.374    148.672    -40.991     53.082
      2.190    190.037     85.891    154.902    147.992    -41.300     52.525
      2.200    191.513     85.477    155.424    147.316    -41.604     51.973
      2.210    192.983     85.059    155.941    146.643    -41.903     51.427
      2.220    194.446     84.639    156.453    145.973    -42.196     50.886
      2.230    195.903     84.215    156.959    145.307    -42.484     50.349
      2.240    197.352     83.789    157.460    144.644    -42.767     49.818
      2.250    198.796     83.360    157.956    143.984    -43.046     49.291
      2.260    200.232     82.928    158.446    143.328    -43.319     48.769
      2.270    201.662     82.494    158.931    142.675    -43.588     48.252
      2.280    203.086     82.056    159.411    142.025    -43.852     47.740
      2.290    204.503     81.617    159.886    141.378    -44.112     47.232
      2.300    205.913     81.174    160.356    140.734    -44.367     46.728
      2.310    207.317     80.729    160.820    140.094    -44.618     46.229
      2.320    208.715     80.282    161.280    139.457    -44.865     45.735
      2.330    210.107     79.832    161.735    138.822    -45.107     45.244
      2.340    211.492     79.380    162.185    138.191    -45.346     44.758
      2.350    212.870     78.925    162.630    137.563    -45.580     44.276
      2.360    214.243     78.468    163.071    136.938    -45.810     43.798
      2.370    215.609     78.009    163.506    136.316    -46.037     43.324
      2.380    216.969     77.547    163.937    135.697    -46.260     42.854
      2.390    218.323     77.084    164.363    135.080    -46.479     42.388
      2.400    219.671     76.618    164.785    134.467    -46.694     41.926
      2.410    221.012     76.150    165.202    133.856    -46.905     41.468
      2.420    222.348     75.680    165.614    133.249    -47.114     41.013
      2.430    223.677     75.208    166.022    132.644    -47.318     40.563
      2.440    225.001     74.733    166.426    132.042    -47.519     40.115
      2.450    226.318     74.257    166.824    131.442    -47.717     39.672
      2.460    227.630     73.779    167.219    130.846    -47.912     39.232
      2.470    228.935     73.299    167.609    130.252    -48.103     38.795
      2.480    230.235     72.817    167.995    129.661    -48.291     38.362
      2.490    231.528     72.333    168.376    129.073    -48.476     37.932
      2.500    232.816     71.848    168.754    128.487    -48.658     37.506
      2.510    234.098     71.360    169.127    127.904    -48.837     37.083
      2.520    235.374     70.871    169.495    127.323    -49.013     36.663
      2.530    236.645     70.380    169.860    126.745    -49.186     36.247
      2.540    237.909     69.887    170.220    126.170    -49.356     35.834
      2.550    239.168     69.393    170.577    125.597    -49.523     35.423
      2.560    240.421     68.897    170.929    125.026    -49.688     35.016
      2.570    241.669     68.399    171.277    124.458    -49.849     34.612
      2.580    242.910     67.900    171.621    123.893    -50.008     34.211
      2.590    244.146     67.399    171.961    123.330    -50.165     33.813
      2.600    245.377     66.896    172.297    122.769    -50.319     33.418
      2.610    246.602     66.392    172.629    122.211    -50.470     33.026
      2.620    247.821     65.887    172.958    121.655    -50.618     32.636
      2.630    249.035     65.380    173.282    121.102    -50.765     32.250
      2.640    250.243     64.872    173.603    120.551    -50.908     31.866
      2.650    251.446     64.362    173.920    120.002    -51.050     31.485
      2.660    252.643     63.851    174.232    119.455    -51.189     31.106
      2.670    253.835     63.338    174.542    118.911    -51.326     30.731
      2.680    255.022     62.824    174.847    118.369    -51.460     30.358
      2.690    256.203     62.309    175.149    117.829    -51.592     29.987
      2.700    257.378     61.792    175.447    117.291    -51.722     29.619
      2.710    258.548     61.275    175.741    116.756    -51.850     29.254
      2.720    259.713     60.755    176.032    116.223    -51.975     28.891
      2.730    260.873     60.235    176.319    115.692    -52.099     28.531
      2.740    262.027     59.713    176.603    115.163    -52.220     28.173
      2.750    263.176     59.191    176.883    114.636    -52.339     27.818
      2.760    264.320     58.667    177.159    114.111    -52.457     27.465
      2.770    265.458     58.142    177.432    113.588    -52.572     27.114
      2.780    266.592     57.615    177.701    113.067    -52.685     26.766
      2.790    267.720     57.088    177.967    112.549    -52.797     26.420
      2.800    268.843     56.559    178.230    112.032    -52.906     26.076
      2.810    269.960     56.030    178.489    111.517    -53.014     25.734
      2.820    271.073     55.499    178.744    111.004    -53.119     25.395
      2.830    272.180     54.967    178.997    110.494    -53.223     25.058
      2.840    273.283     54.435    179.246    109.985    -53.325     24.723
      2.850    274.380     53.901    179.491    109.478    -53.425     24.390
      2.860    275.472     53.366    179.733    108.973    -53.524     24.060
      2.870    276.560     52.830    179.972    108.470    -53.621     23.731
      2.880    277.642     52.294    180.208    107.969    -53.716     23.405
      2.890    278.719     51.756    180.440    107.469    -53.809     23.080
      2.900    279.791     51.218    180.670    106.972    -53.901     22.758
      2.910    280.858     50.678    180.896    106.476    -53.991     22.438
      2.920    281.921     50.138    181.118    105.982    -54.080     22.119
      2.930    282.978     49.597    181.338    105.490    -54.166     21.803
      2.940    284.030     49.054    181.554    104.999    -54.252     21.488
      2.950    285.078     48.511    181.768    104.511    -54.335     21.176
      2.960    286.121     47.968    181.978    104.024    -54.418     20.865
      2.970    287.159     47.423    182.185    103.539    -54.498     20.556
      2.980    288.191     46.878    182.389    103.055    -54.578     20.249
      2.990    289.220     46.332    182.590    102.573    -54.655     19.944
      3.000    290.243     45.785    182.788    102.093    -54.732     19.640
      3.010    291.262     45.237    182.983    101.615    -54.807     19.339
      3.020    292.275     44.689    183.175    101.138    -54.880     19.039
      3.030    293.284     44.139    183.364    100.663    -54.952     18.741
      3.040    294.289     43.589    183.550    100.189    -55.023     18.445
      3.050    295.288     43.039    183.733     99.717    -55.092     18.150
      3.060    296.283     42.488    183.913     99.247    -55.160     17.857
      3.070    297.273     41.936    184.090     98.778    -55.227     17.566
      3.080    298.258     41.383    184.264     98.311    -55.292     17.276
      3.090    299.239     40.830    184.435     97.845    -55.356     16.988
      3.100    300.215     40.276    184.604     97.381    -55.419     16.702
      3.110    301.187     39.721    184.769     96.918    -55.481     16.417
      3.120    302.154     39.166    184.932     96.457    -55.541     16.134
      3.130    303.116     38.611    185.092     95.998    -55.600     15.852
      3.140    304.074     38.054    185.249     95.540    -55.658     15.572
      3.150    305.027     37.498    185.403     95.083    -55.715     15.294
      3.160    305.975     36.940    185.555     94.628    -55.770     15.017
      3.170    306.919     36.382    185.704     94.174    -55.824     14.742
      3.180    307.859     35.824    185.850     93.721    -55.878     14.468
      3.190    308.794     35.265    185.993     93.271    -55.929     14.195
      3.200    309.724     34.705    186.134     92.821    -55.980     13.924
      3.210    310.650     34.145    186.272     92.373    -56.030     13.655
      3.220    311.572     33.584    186.407     91.926    -56.079     13.386
      3.230    312.489     33.023    186.539     91.481    -56.126     13.120
      3.240    313.401     32.462    186.669     91.037    -56.173     12.854
      3.250    314.310     31.900    186.796     90.594    -56.218     12.590
      3.260    315.213     31.338    186.921     90.153    -56.262     12.328
      3.270    316.113     30.775    187.043     89.712    -56.306     12.067
      3.280    317.008     30.211    187.162     89.274    -56.348     11.807
      3.290    317.898     29.648    187.279     88.836    -56.389     11.548
      3.300    318.784     29.084    187.393     88.400    -56.429     11.291
      3.310    319.666     28.519    187.505     87.965    -56.469     11.035
      3.320    320.544     27.954    187.614     87.532    -56.507     10.781
      3.330    321.417     27.389    187.721     87.099    -56.544     10.527
      3.340    322.286     26.823    187.825     86.668    -56.581     10.275
      3.350    323.150     26.257    187.926     86.238    -56.616     10.025
      3.360    324.010     25.691    188.025     85.810    -56.650      9.775
      3.370    324.866     25.124    188.122     85.382    -56.684      9.527
      3.380    325.718     24.557    188.216     84.956    -56.716      9.280
      3.390    326.565     23.990    188.307     84.531    -56.748      9.034
      3.400    327.409     23.422    188.396     84.107    -56.779      8.789
      3.410    328.248     22.855    188.483     83.684    -56.809      8.546
      3.420    329.082     22.286    188.567     83.263    -56.837      8.303
      3.430    329.913     21.718    188.649     82.842    -56.866      8.062
      3.440    330.739     21.149    188.729     82.423    -56.893      7.822
      3.450    331.561     20.580    188.806     82.005    -56.919      7.583
      3.460    332.379     20.011    188.880     81.588    -56.945      7.346
      3.470    333.193     19.441    188.952     81.172    -56.969      7.109
      3.480    334.003     18.871    189.022     80.757    -56.993      6.874
      3.490    334.808     18.301    189.090     80.343    -57.016      6.639
      3.500    335.610     17.731    189.155     79.931    -57.038      6.406
      3.510    336.407     17.160    189.218     79.519    -57.060      6.174
      3.520    337.200     16.590    189.279     79.109    -57.080      5.943
      3.530    337.989     16.019    189.337     78.699    -57.100      5.713
      3.540    338.774     15.448    189.393     78.291    -57.119      5.484
      3.550    339.555     14.876    189.447     77.884    -57.137      5.256
      3.560    340.332     14.305    189.498     77.477    -57.155      5.029
      3.570    341.104     13.733    189.547     77.072    -57.171      4.803
      3.580    341.873     13.162    189.594     76.668    -57.187      4.578
      3.590    342.638     12.590    189.639     76.265    -57.202      4.354
      3.600    343.398     12.018    189.681     75.862    -57.217      4.132
      3.610    344.155     11.445    189.721     75.461    -57.230      3.910
      3.620    344.908     10.873    189.759     75.061    -57.243      3.689
      3.630    345.656     10.300    189.795     74.661    -57.256      3.469
      3.640    346.401      9.728    189.829     74.263    -57.267      3.250
      3.650    347.141      9.155    189.860     73.866    -57.278      3.032
      3.660    347.878      8.582    189.889     73.469    -57.288      2.815
      3.670    348.611      8.009    189.916     73.074    -57.298      2.599
      3.680    349.340      7.436    189.941     72.679    -57.306      2.384
      3.690    350.064      6.863    189.964     72.285    -57.314      2.169
      3.700    350.785      6.290    189.985     71.893    -57.322      1.956
      3.710    351.502      5.717    190.003     71.501    -57.328      1.744
      3.720    352.215      5.143    190.020     71.110    -57.334      1.532
      3.730    352.925      4.570    190.034     70.720    -57.340      1.321
      3.740    353.630      3.997    190.046     70.331    -57.345      1.112
      3.750    354.331      3.423    190.056     69.942    -57.349      0.903
      3.760    355.029      2.850    190.064     69.555    -57.352      0.695
      3.770    355.722      2.276    190.070     69.168    -57.355      0.488
      3.780    356.412      1.703    190.074     68.783    -57.357      0.281
      3.790    357.098      1.129    190.076     68.398    -57.359      0.076
      3.800    357.780      0.555    190.075     68.014    -57.359     -0.129
      3.810    358.458     -0.018    190.073     67.631    -57.360     -0.332
      3.820    359.133     -0.592    190.069     67.248    -57.359     -0.535
      3.830    359.803     -1.165    190.062     66.867    -57.358     -0.738
      3.840    360.470     -1.739    190.054     66.486    -57.357     -0.939
      3.850    361.133     -2.312    190.044     66.106    -57.355     -1.139
      3.860    361.792     -2.886    190.031     65.727    -57.352     -1.339
      3.870    362.447     -3.460    190.017     65.349    -57.349     -1.538
      3.880    363.099     -4.033    190.001     64.971    -57.345     -1.736
      3.890    363.747     -4.606    189.982     64.595    -57.340     -1.933
      3.900    364.391     -5.180    189.962     64.219    -57.335     -2.130
      3.910    365.031     -5.753    189.940     63.843    -57.330     -2.326
      3.920    365.668     -6.326    189.915     63.469    -57.323     -2.521
      3.930    366.301     -6.900    189.889     63.095    -57.317     -2.715
      3.940    366.930     -7.473    189.861     62.722    -57.309     -2.909
      3.950    367.555     -8.046    189.831     62.350    -57.302     -3.101
      3.960    368.177     -8.619    189.799     61.979    -57.293     -3.293
      3.970    368.795     -9.192    189.765     61.608    -57.284     -3.485
      3.980    369.409     -9.764    189.729     61.238    -57.275     -3.675
      3.990    370.019    -10.337    189.692     60.869    -57.265     -3.865
      4.000    370.626    -10.910    189.652     60.500    -57.254     -4.054
      4.010    371.229    -11.482    189.611     60.132    -57.243     -4.243
      4.020    371.829    -12.055    189.567     59.765    -57.231     -4.430
      4.030    372.425    -12.627    189.522     59.399    -57.219     -4.617
      4.040    373.017    -13.199    189.475     59.033    -57.207     -4.804
      4.050    373.605    -13.771    189.426     58.668    -57.193     -4.989
      4.060    374.190    -14.343    189.375     58.303    -57.180     -5.174
      4.070    374.771    -14.915    189.322     57.940    -57.165     -5.359
      4.080    375.349    -15.486    189.268     57.576    -57.151     -5.542
      4.090    375.923    -16.058    189.212     57.214    -57.135     -5.725
      4.100    376.493    -16.629    189.153     56.852    -57.120     -5.908
      4.110    377.060    -17.200    189.093     56.491    -57.104     -6.089
      4.120    377.623    -17.771    189.032     56.131    -57.087     -6.270
      4.130    378.183    -18.342    188.968     55.771    -57.070     -6.451
      4.140    378.739    -18.912    188.903     55.412    -57.052     -6.630
      4.150    379.291    -19.483    188.835     55.053    -57.034     -6.809
      4.160    379.840    -20.053    188.766     54.695    -57.015     -6.988
      4.170    380.385    -20.623    188.696     54.338    -56.996     -7.165
      4.180    380.926    -21.193    188.623     53.981    -56.976     -7.343
      4.190    381.464    -21.763    188.549     53.625    -56.956     -7.519
      4.200    381.999    -22.332    188.473     53.269    -56.936     -7.695
      4.210    382.530    -22.901    188.395     52.914    -56.915     -7.870
      4.220    383.057    -23.470    188.315     52.560    -56.893     -8.045
      4.230    383.581    -24.039    188.234     52.206    -56.871     -8.219
      4.240    384.101    -24.608    188.151     51.853    -56.849     -8.393
      4.250    384.618    -25.176    188.066     51.500    -56.826     -8.566
      4.260    385.131    -25.744    187.980     51.148    -56.803     -8.738
      4.270    385.641    -26.312    187.891     50.797    -56.779     -8.910
      4.280    386.147    -26.880    187.801     50.446    -56.755     -9.081
      4.290    386.650    -27.447    187.710     50.095    -56.730     -9.251
      4.300    387.149    -28.014    187.616     49.745    -56.705     -9.421
      4.310    387.645    -28.581    187.521     49.396    -56.680     -9.591
      4.320    388.137    -29.148    187.425     49.047    -56.654     -9.760
      4.330    388.626    -29.714    187.326     48.699    -56.627     -9.928
      4.340    389.111    -30.281    187.226     48.351    -56.601    -10.096
      4.350    389.593    -30.846    187.124     48.004    -56.573    -10.263
      4.360    390.071    -31.412    187.021     47.658    -56.546    -10.430
      4.370    390.546    -31.977    186.916     47.312    -56.518    -10.596
      4.380    391.017    -32.542    186.809     46.966    -56.489    -10.762
      4.390    391.485    -33.107    186.700     46.621    -56.460    -10.927
      4.400    391.950    -33.672    186.590     46.276    -56.431    -11.091
      4.410    392.411    -34.236    186.479     45.932    -56.401    -11.255
      4.420    392.868    -34.800    186.365     45.589    -56.371    -11.419
      4.430    393.323    -35.363    186.250     45.245    -56.340    -11.581
      4.440    393.773    -35.926    186.134     44.903    -56.309    -11.744
      4.450    394.221    -36.489    186.015     44.561    -56.278    -11.906
      4.460    394.665    -37.052    185.895     44.219    -56.246    -12.067
      4.470    395.105    -37.614    185.774     43.878    -56.214    -12.228
      4.480    395.542    -38.176    185.651     43.537    -56.181    -12.389
      4.490    395.976    -38.738    185.526     43.197    -56.148    -12.548
      4.500    396.406    -39.299    185.400     42.857    -56.114    -12.708
      4.510    396.833    -39.860    185.272     42.517    -56.080    -12.867
      4.520    397.256    -40.421    185.143     42.179    -56.046    -13.025
      4.530    397.676    -40.981    185.012     41.840    -56.012    -13.183
      4.540    398.093    -41.541    184.879     41.502    -55.976    -13.340
      4.550    398.507    -42.101    184.745     41.164    -55.941    -13.497
      4.560    398.916    -42.660    184.609     40.827    -55.905    -13.654
      4.570    399.323    -43.219    184.472     40.491    -55.869    -13.810
      4.580    399.726    -43.777    184.333     40.154    -55.832    -13.965
      4.590    400.126    -44.335    184.192     39.818    -55.795    -14.120
      4.600    400.523    -44.893    184.050     39.483    -55.758    -14.275
      4.610    400.916    -45.451    183.907     39.148    -55.720    -14.429
      4.620    401.306    -46.008    183.762     38.813    -55.682    -14.583
      4.630    401.692    -46.564    183.615     38.479    -55.644    -14.736
      4.640    402.075    -47.120    183.467     38.145    -55.605    -14.889
      4.650    402.455    -47.676    183.317     37.812    -55.565    -15.041
      4.660    402.831    -48.232    183.166     37.479    -55.526    -15.193
      4.670    403.205    -48.787    183.014     37.146    -55.486    -15.345
      4.680    403.574    -49.341    182.859     36.814    -55.445    -15.496
      4.690    403.941    -49.896    182.704     36.482    -55.404    -15.646
      4.700    404.304    -50.449    182.546     36.150    -55.363    -15.796
      4.710    404.664    -51.003    182.388     35.819    -55.322    -15.946
      4.720    405.020    -51.556    182.228     35.488    -55.280    -16.095
      4.730    405.374    -52.109    182.066     35.158    -55.238    -16.244
      4.740    405.724    -52.661    181.903     34.828    -55.195    -16.392
      4.750    406.070    -53.212    181.738     34.498    -55.152    -16.540
      4.760    406.413    -53.764    181.572     34.169    -55.109    -16.688
      4.770    406.754    -54.315    181.404     33.840    -55.065    -16.835
      4.780    407.090    -54.865    181.235     33.511    -55.021    -16.982
      4.790    407.424    -55.415    181.065     33.183    -54.976    -17.128
      4.800    407.754    -55.965    180.893     32.855    -54.931    -17.274
      4.810    408.081    -56.514    180.719     32.527    -54.886    -17.420
      4.820    408.404    -57.062    180.544     32.200    -54.841    -17.565
      4.830    408.725    -57.610    180.368     31.873    -54.795    -17.709
      4.840    409.042    -58.158    180.190     31.546    -54.749    -17.854
      4.850    409.356    -58.705    180.011     31.220    -54.702    -17.998
      4.860    409.666    -59.252    179.830     30.894    -54.655    -18.141
      4.870    409.974    -59.798    179.648     30.568    -54.608    -18.284
      4.880    410.278    -60.344    179.464     30.243    -54.560    -18.427
      4.890    410.579    -60.890    179.279     29.918    -54.512    -18.569
      4.900    410.876    -61.435    179.093     29.593    -54.464    -18.711
      4.910    411.170    -61.979    178.905     29.269    -54.415    -18.853
      4.920    411.461    -62.523    178.716     28.945    -54.366    -18.994
      4.930    411.749    -63.066    178.525     28.621    -54.317    -19.135
      4.940    412.034    -63.609    178.333     28.297    -54.267    -19.275
      4.950    412.315    -64.152    178.140     27.974    -54.217    -19.415
      4.960    412.593    -64.694    177.945     27.651    -54.166    -19.555
      4.970    412.868    -65.235    177.749     27.328    -54.116    -19.694
      4.980    413.140    -65.776    177.551     27.006    -54.064    -19.833
      4.990    413.408    -66.316    177.352     26.684    -54.013    -19.972
      5.000    413.674    -66.856    177.152     26.362    -53.961    -20.110
      5.010    413.936    -67.395    176.950     26.040    -53.909    -20.248
      5.020    414.194    -67.934    176.747     25.719    -53.856    -20.386
      5.030    414.450    -68.473    176.542     25.398    -53.804    -20.523
      5.040    414.702    -69.010    176.336     25.077    -53.750    -20.660
      5.050    414.952    -69.548    176.129     24.756    -53.697    -20.796
      5.060    415.197    -70.084    175.920     24.436    -53.643    -20.932
      5.070    415.440    -70.620    175.710     24.116    -53.589    -21.068
      5.080    415.680    -71.156    175.499     23.796    -53.534    -21.203
      5.090    415.916    -71.691    175.286     23.477    -53.479    -21.339
      5.100    416.149    -72.226    175.072     23.157    -53.424    -21.473
      5.110    416.379    -72.760    174.857     22.838    -53.368    -21.608
      5.120    416.606    -73.293    174.640     22.519    -53.313    -21.742
      5.130    416.830    -73.826    174.422     22.200    -53.256    -21.876
      5.140    417.050    -74.358    174.203     21.882    -53.200    -22.009
      5.150    417.267    -74.890    173.982     21.564    -53.143    -22.142
      5.160    417.481    -75.421    173.760     21.246    -53.086    -22.275
      5.170    417.692    -75.952    173.536     20.928    -53.028    -22.407
      5.180    417.900    -76.482    173.312     20.611    -52.970    -22.539
      5.190    418.104    -77.011    173.086     20.293    -52.912    -22.671
      5.200    418.306    -77.540    172.858     19.976    -52.853    -22.802
      5.210    418.504    -78.068    172.629     19.659    -52.794    -22.934
      5.220    418.699    -78.596    172.399     19.342    -52.735    -23.064
      5.230    418.891    -79.123    172.168     19.026    -52.675    -23.195
      5.240    419.080    -79.649    171.936     18.710    -52.615    -23.325
      5.250    419.265    -80.175    171.702     18.393    -52.555    -23.455
      5.260    419.447    -80.700    171.466     18.077    -52.494    -23.584
      5.270    419.627    -81.225    171.230     17.762    -52.434    -23.714
      5.280    419.803    -81.749    170.992     17.446    -52.372    -23.843
      5.290    419.976    -82.272    170.753     17.131    -52.311    -23.971
      5.300    420.145    -82.795    170.513     16.815    -52.249    -24.100
      5.310    420.312    -83.317    170.271     16.500    -52.186    -24.228
      5.320    420.475    -83.839    170.028     16.185    -52.124    -24.355
      5.330    420.636    -84.360    169.784     15.871    -52.061    -24.483
      5.340    420.793    -84.880    169.539     15.556    -51.998    -24.610
      5.350    420.947    -85.400    169.292     15.242    -51.934    -24.737
      5.360    421.098    -85.919    169.044     14.928    -51.870    -24.863
      5.370    421.245    -86.437    168.795     14.613    -51.806    -24.989
      5.380    421.390    -86.955    168.544     14.300    -51.741    -25.115
      5.390    421.531    -87.472    168.292     13.986    -51.676    -25.241
      5.400    421.669    -87.988    168.039     13.672    -51.611    -25.366
      5.410    421.805    -88.504    167.785     13.359    -51.545    -25.492
      5.420    421.937    -89.019    167.529     13.045    -51.480    -25.616
      5.430    422.066    -89.534    167.273     12.732    -51.413    -25.741
      5.440    422.191    -90.048    167.015     12.419    -51.347    -25.865
      5.450    422.314    -90.561    166.755     12.106    -51.280    -25.989
      5.460    422.433    -91.073    166.495     11.793    -51.213    -26.113
      5.470    422.550    -91.585    166.233     11.481    -51.145    -26.236
      5.480    422.663    -92.096    165.970     11.168    -51.077    -26.359
      5.490    422.773    -92.607    165.706     10.856    -51.009    -26.482
      5.500    422.880    -93.116    165.440     10.543    -50.940    -26.605
      5.510    422.984    -93.625    165.174     10.231    -50.871    -26.727
      5.520    423.085    -94.134    164.906      9.919    -50.802    -26.849
      5.530    423.182    -94.641    164.637      9.607    -50.732    -26.971
      5.540    423.277    -95.148    164.367      9.295    -50.662    -27.092
      5.550    423.368    -95.655    164.095      8.984    -50.592    -27.213
      5.560    423.457    -96.160    163.822      8.672    -50.522    -27.334
      5.570    423.542    -96.665    163.548      8.360    -50.451    -27.455
      5.580    423.624    -97.169    163.273      8.049    -50.379    -27.575
      5.590    423.703    -97.673    162.997      7.737    -50.308    -27.696
      5.600    423.779    -98.175    162.719      7.426    -50.236    -27.815
      5.610    423.851    -98.677    162.440      7.115    -50.164    -27.935
      5.620    423.921    -99.179    162.161      6.804    -50.091    -28.055
      5.630    423.987    -99.679    161.879      6.493    -50.018    -28.174
      5.640    424.051   -100.179    161.597      6.182    -49.945    -28.293
      5.650    424.111   -100.678    161.314      5.871    -49.871    -28.411
      5.660    424.168   -101.176    161.029      5.560    -49.797    -28.529
      5.670    424.222   -101.674    160.743      5.250    -49.723    -28.648
      5.680    424.273   -102.171    160.456      4.939    -49.648    -28.765
      5.690    424.321   -102.667    160.168      4.628    -49.573    -28.883
      5.700    424.366   -103.162    159.878      4.318    -49.498    -29.000
      5.710    424.407   -103.657    159.588      4.007    -49.422    -29.118
      5.720    424.446   -104.151    159.296      3.697    -49.346    -29.234
      5.730    424.481   -104.644    159.003      3.387    -49.270    -29.351
      5.740    424.514   -105.136    158.709      3.076    -49.193    -29.467
      5.750    424.543   -105.628    158.414      2.766    -49.116    -29.584
      5.760    424.569   -106.118    158.117      2.456    -49.039    -29.700
      5.770    424.592   -106.608    157.820      2.146    -48.961    -29.815
      5.780    424.612   -107.098    157.521      1.836    -48.883    -29.931
      5.790    424.629   -107.586    157.221      1.525    -48.805    -30.046
      5.800    424.642   -108.074    156.920      1.215    -48.726    -30.161
      5.810    424.653   -108.561    156.618      0.905    -48.647    -30.275
      5.820    424.660   -109.047    156.314      0.595    -48.568    -30.390
      5.830    424.665   -109.532    156.010      0.285    -48.488    -30.504
      5.840    424.666   -110.016    155.704     -0.024    -48.408    -30.618
      5.850    424.664   -110.500    155.398     -0.334    -48.327    -30.732
      5.860    424.659   -110.983    155.090     -0.644    -48.246    -30.846
      5.870    424.651   -111.465    154.781     -0.954    -48.165    -30.959
      5.880    424.640   -111.946    154.471     -1.264    -48.084    -31.072
      5.890    424.626   -112.427    154.159     -1.574    -48.002    -31.185
      5.900    424.609   -112.906    153.847     -1.884    -47.920    -31.297
      5.910    424.589   -113.385    153.533     -2.194    -47.837    -31.410
      5.920    424.565   -113.863    153.219     -2.503    -47.754    -31.522
      5.930    424.538   -114.340    152.903     -2.813    -47.671    -31.634
      5.940    424.509   -114.817    152.586     -3.123    -47.587    -31.746
      5.950    424.476   -115.292    152.268     -3.433    -47.503    -31.857
      5.960    424.440   -115.767    151.949     -3.743    -47.419    -31.969
      5.970    424.401   -116.240    151.629     -4.053    -47.334    -32.080
      5.980    424.359   -116.713    151.307     -4.363    -47.249    -32.191
      5.990    424.314   -117.185    150.985     -4.672    -47.164    -32.301
      6.000    424.266   -117.657    150.661     -4.982    -47.078    -32.412
      6.010    424.214   -118.127    150.337     -5.292    -46.992    -32.522
      6.020    424.160   -118.596    150.011     -5.602    -46.905    -32.632
      6.030    424.102   -119.065    149.684     -5.912    -46.819    -32.742
      6.040    424.041   -119.533    149.356     -6.222    -46.731    -32.851
      6.050    423.978   -120.000    149.027     -6.532    -46.644    -32.961
      6.060    423.911   -120.466    148.697     -6.842    -46.556    -33.070
      6.070    423.841   -120.931    148.366     -7.153    -46.468    -33.179
      6.080    423.768   -121.395    148.033     -7.463    -46.379    -33.287
      6.090    423.692   -121.858    147.700     -7.773    -46.290    -33.396
      6.100    423.612   -122.321    147.365     -8.083    -46.200    -33.504
      6.110    423.530   -122.782    147.030     -8.394    -46.111    -33.612
      6.120    423.444   -123.243    146.693     -8.704    -46.021    -33.720
      6.130    423.356   -123.703    146.355     -9.014    -45.930    -33.828
      6.140    423.264   -124.162    146.016     -9.325    -45.839    -33.935
      6.150    423.169   -124.620    145.677     -9.635    -45.748    -34.043
      6.160    423.071   -125.077    145.336     -9.946    -45.656    -34.150
      6.170    422.970   -125.533    144.994    -10.257    -45.564    -34.257
      6.180    422.866   -125.988    144.650    -10.567    -45.472    -34.363
      6.190    422.759   -126.442    144.306    -10.878    -45.379    -34.470
      6.200    422.649   -126.895    143.961    -11.189    -45.286    -34.576
      6.210    422.535   -127.348    143.615    -11.500    -45.192    -34.682
      6.220    422.419   -127.799    143.267    -11.811    -45.098    -34.788
      6.230    422.299   -128.250    142.919    -12.122    -45.004    -34.894
      6.240    422.176   -128.699    142.570    -12.433    -44.909    -34.999
      6.250    422.050   -129.148    142.219    -12.745    -44.814    -35.104
      6.260    421.921   -129.596    141.867    -13.056    -44.719    -35.210
      6.270    421.789   -130.042    141.515    -13.368    -44.623    -35.314
      6.280    421.654   -130.488    141.161    -13.679    -44.527    -35.419
      6.290    421.516   -130.933    140.806    -13.991    -44.430    -35.524
      6.300    421.374   -131.377    140.451    -14.303    -44.333    -35.628
      6.310    421.230   -131.820    140.094    -14.615    -44.236    -35.732
      6.320    421.082   -132.261    139.736    -14.927    -44.138    -35.836
      6.330    420.931   -132.702    139.377    -15.239    -44.040    -35.940
      6.340    420.777   -133.142    139.017    -15.551    -43.941    -36.043
      6.350    420.620   -133.581    138.656    -15.863    -43.842    -36.147
      6.360    420.460   -134.019    138.294    -16.176    -43.743    -36.250
      6.370    420.297   -134.456    137.931    -16.488    -43.643    -36.353
      6.380    420.130   -134.892    137.567    -16.801    -43.543    -36.455
      6.390    419.961   -135.327    137.202    -17.114    -43.442    -36.558
      6.400    419.788   -135.761    136.836    -17.427    -43.341    -36.660
      6.410    419.612   -136.194    136.469    -17.740    -43.239    -36.763
      6.420    419.433   -136.625    136.101    -18.053    -43.138    -36.865
      6.430    419.251   -137.056    135.732    -18.366    -43.035    -36.967
      6.440    419.066   -137.486    135.362    -18.680    -42.933    -37.068
      6.450    418.877   -137.915    134.990    -18.994    -42.830    -37.170
      6.460    418.686   -138.343    134.618    -19.307    -42.726    -37.271
      6.470    418.491   -138.770    134.245    -19.621    -42.622    -37.372
      6.480    418.293   -139.195    133.871    -19.936    -42.518    -37.473
      6.490    418.093   -139.620    133.495    -20.250    -42.413    -37.574
      6.500    417.888   -140.043    133.119    -20.564    -42.308    -37.674
      6.510    417.681   -140.466    132.742    -20.879    -42.202    -37.775
      6.520    417.471   -140.888    132.364    -21.194    -42.096    -37.875
      6.530    417.257   -141.308    131.985    -21.509    -41.990    -37.975
      6.540    417.041   -141.727    131.604    -21.824    -41.883    -38.075
      6.550    416.821   -142.146    131.223    -22.139    -41.775    -38.174
      6.560    416.598   -142.563    130.841    -22.454    -41.668    -38.274
      6.570    416.372   -142.979    130.458    -22.770    -41.559    -38.373
      6.580    416.143   -143.394    130.073    -23.086    -41.451    -38.472
      6.590    415.910   -143.808    129.688    -23.402    -41.342    -38.571
      6.600    415.675   -144.221    129.302    -23.718    -41.232    -38.670
      6.610    415.436   -144.633    128.915    -24.034    -41.122    -38.768
      6.620    415.194   -145.043    128.527    -24.351    -41.012    -38.867
      6.630    414.949   -145.453    128.137    -24.668    -40.901    -38.965
      6.640    414.700   -145.861    127.747    -24.985    -40.790    -39.063
      6.650    414.449   -146.269    127.356    -25.302    -40.678    -39.161
      6.660    414.194   -146.675    126.964    -25.619    -40.566    -39.259
      6.670    413.937   -147.080    126.571    -25.937    -40.453    -39.356
      6.680    413.676   -147.484    126.177    -26.255    -40.340    -39.454
      6.690    413.412   -147.887    125.782    -26.573    -40.226    -39.551
      6.700    413.144   -148.288    125.386    -26.891    -40.112    -39.648
      6.710    412.874   -148.689    124.989    -27.210    -39.998    -39.745
      6.720    412.600   -149.088    124.591    -27.528    -39.883    -39.841
      6.730    412.323   -149.487    124.192    -27.847    -39.767    -39.938
      6.740    412.043   -149.884    123.792    -28.167    -39.651    -40.034
      6.750    411.760   -150.280    123.391    -28.486    -39.535    -40.130
      6.760    411.473   -150.674    122.990    -28.806    -39.418    -40.226
      6.770    411.184   -151.068    122.587    -29.126    -39.301    -40.322
      6.780    410.891   -151.460    122.183    -29.446    -39.183    -40.417
      6.790    410.595   -151.852    121.779    -29.766    -39.065    -40.513
      6.800    410.296   -152.242    121.373    -30.087    -38.946    -40.608
      6.810    409.993   -152.631    120.966    -30.408    -38.827    -40.703
      6.820    409.687   -153.018    120.559    -30.729    -38.707    -40.798
      6.830    409.378   -153.405    120.150    -31.050    -38.587    -40.893
      6.840    409.066   -153.790    119.741    -31.372    -38.466    -40.987
      6.850    408.751   -154.174    119.331    -31.694    -38.345    -41.082
      6.860    408.432   -154.557    118.919    -32.016    -38.223    -41.176
      6.870    408.111   -154.939    118.507    -32.339    -38.101    -41.270
      6.880    407.786   -155.319    118.094    -32.661    -37.978    -41.364
      6.890    407.457   -155.698    117.680    -32.985    -37.855    -41.458
      6.900    407.126   -156.076    117.265    -33.308    -37.731    -41.551
      6.910    406.791   -156.453    116.849    -33.632    -37.607    -41.645
      6.920    406.453   -156.828    116.432    -33.955    -37.482    -41.738
      6.930    406.112   -157.202    116.014    -34.280    -37.357    -41.831
      6.940    405.768   -157.575    115.595    -34.604    -37.231    -41.924
      6.950    405.420   -157.947    115.176    -34.929    -37.104    -42.017
      6.960    405.069   -158.317    114.755    -35.254    -36.978    -42.109
      6.970    404.715   -158.686    114.333    -35.580    -36.850    -42.202
      6.980    404.358   -159.054    113.911    -35.905    -36.722    -42.294
      6.990    403.997   -159.421    113.488    -36.232    -36.594    -42.386
      7.000    403.633   -159.786    113.063    -36.558    -36.465    -42.478
      7.010    403.266   -160.150    112.638    -36.885    -36.335    -42.569
      7.020    402.895   -160.513    112.212    -37.212    -36.205    -42.661
      7.030    402.522   -160.874    111.785    -37.539    -36.074    -42.752
      7.040    402.144   -161.234    111.357    -37.867    -35.943    -42.843
      7.050    401.764   -161.593    110.928    -38.195    -35.812    -42.934
      7.060    401.381   -161.951    110.498    -38.523    -35.679    -43.025
      7.070    400.994   -162.307    110.067    -38.852    -35.546    -43.116
      7.080    400.604   -162.662    109.636    -39.181    -35.413    -43.206
      7.090    400.210   -163.015    109.203    -39.511    -35.279    -43.297
      7.100    399.813   -163.367    108.770    -39.841    -35.144    -43.387
      7.110    399.413   -163.718    108.336    -40.171    -35.009    -43.477
      7.120    399.010   -164.067    107.900    -40.501    -34.874    -43.567
      7.130    398.603   -164.415    107.464    -40.832    -34.737    -43.656
      7.140    398.193   -164.762    107.027    -41.163    -34.600    -43.746
      7.150    397.780   -165.107    106.589    -41.495    -34.463    -43.835
      7.160    397.363   -165.451    106.151    -41.827    -34.325    -43.924
      7.170    396.943   -165.794    105.711    -42.159    -34.186    -44.013
      7.180    396.520   -166.135    105.270    -42.492    -34.047    -44.102
      7.190    396.094   -166.475    104.829    -42.825    -33.907    -44.191
      7.200    395.664   -166.813    104.386    -43.159    -33.767    -44.279
      7.210    395.230   -167.150    103.943    -43.493    -33.626    -44.367
      7.220    394.794   -167.486    103.499    -43.827    -33.484    -44.456
      7.230    394.354   -167.820    103.054    -44.162    -33.342    -44.543
      7.240    393.911   -168.153    102.608    -44.497    -33.199    -44.631
      7.250    393.464   -168.484    102.161    -44.833    -33.056    -44.719
      7.260    393.014   -168.814    101.714    -45.169    -32.911    -44.806
      7.270    392.561   -169.142    101.265    -45.506    -32.767    -44.894
      7.280    392.104   -169.469    100.816    -45.842    -32.621    -44.981
      7.290    391.644   -169.794    100.366    -46.180    -32.475    -45.067
      7.300    391.180   -170.118     99.915    -46.518    -32.329    -45.154
      7.310    390.713   -170.441     99.463    -46.856    -32.181    -45.241
      7.320    390.243   -170.762     99.010    -47.194    -32.033    -45.327
      7.330    389.769   -171.082     98.556    -47.533    -31.885    -45.413
      7.340    389.292   -171.400     98.102    -47.873    -31.736    -45.499
      7.350    388.812   -171.716     97.646    -48.213    -31.586    -45.585
      7.360    388.328   -172.032     97.190    -48.553    -31.435    -45.671
      7.370    387.841   -172.345     96.733    -48.894    -31.284    -45.756
      7.380    387.350   -172.657     96.275    -49.236    -31.132    -45.842
      7.390    386.856   -172.968     95.816    -49.578    -30.979    -45.927
      7.400    386.359   -173.277     95.356    -49.920    -30.826    -46.012
      7.410    385.858   -173.584     94.896    -50.263    -30.672    -46.097
      7.420    385.353   -173.890     94.434    -50.606    -30.517    -46.181
      7.430    384.846   -174.195     93.972    -50.950    -30.362    -46.266
      7.440    384.334   -174.497     93.509    -51.294    -30.206    -46.350
      7.450    383.820   -174.799     93.045    -51.639    -30.049    -46.434
      7.460    383.302   -175.098     92.580    -51.984    -29.891    -46.518
      7.470    382.780   -175.397     92.115    -52.330    -29.733    -46.602
      7.480    382.255   -175.693     91.648    -52.677    -29.574    -46.685
      7.490    381.727   -175.988     91.181    -53.023    -29.415    -46.768
      7.500    381.195   -176.281     90.713    -53.371    -29.254    -46.852
      7.510    380.659   -176.573     90.244    -53.719    -29.093    -46.935
      7.520    380.120   -176.863     89.774    -54.067    -28.931    -47.017
      7.530    379.578   -177.152     89.304    -54.416    -28.769    -47.100
      7.540    379.032   -177.439     88.832    -54.766    -28.605    -47.182
      7.550    378.482   -177.724     88.360    -55.116    -28.441    -47.265
      7.560    377.930   -178.007     87.887    -55.466    -28.276    -47.347
      7.570    377.373   -178.289     87.413    -55.817    -28.111    -47.429
      7.580    376.813   -178.570     86.938    -56.169    -27.944    -47.510
      7.590    376.250   -178.848     86.463    -56.521    -27.777    -47.592
      7.600    375.683   -179.125     85.986    -56.874    -27.609    -47.673
      7.610    375.112   -179.400     85.509    -57.228    -27.440    -47.754
      7.620    374.538   -179.674     85.031    -57.582    -27.271    -47.835
      7.630    373.961   -179.946     84.553    -57.936    -27.100    -47.916
      7.640    373.379   -180.216     84.073    -58.292    -26.929    -47.996
      7.650    372.795   -180.484     83.593    -58.647    -26.757    -48.076
      7.660    372.207   -180.751     83.112    -59.004    -26.584    -48.157
      7.670    371.615   -181.016     82.630    -59.361    -26.411    -48.236
      7.680    371.019   -181.279     82.147    -59.718    -26.236    -48.316
      7.690    370.420   -181.541     81.663    -60.077    -26.061    -48.396
      7.700    369.818   -181.801     81.179    -60.436    -25.885    -48.475
      7.710    369.212   -182.058     80.694    -60.795    -25.708    -48.554
      7.720    368.602   -182.315     80.208    -61.155    -25.530    -48.633
      7.730    367.989   -182.569     79.721    -61.516    -25.351    -48.712
      7.740    367.372   -182.822     79.234    -61.877    -25.172    -48.790
      7.750    366.751   -183.072     78.745    -62.239    -24.991    -48.868
      7.760    366.127   -183.321     78.256    -62.602    -24.810    -48.946
      7.770    365.499   -183.569     77.766    -62.966    -24.628    -49.024
      7.780    364.867   -183.814     77.276    -63.330    -24.444    -49.102
      7.790    364.232   -184.058     76.784    -63.694    -24.260    -49.179
      7.800    363.594   -184.299     76.292    -64.060    -24.075    -49.257
      7.810    362.951   -184.539     75.799    -64.426    -23.890    -49.334
      7.820    362.305   -184.777     75.305    -64.793    -23.703    -49.410
      7.830    361.655   -185.013     74.811    -65.160    -23.515    -49.487
      7.840    361.002   -185.247     74.316    -65.528    -23.326    -49.563
      7.850    360.345   -185.480     73.820    -65.897    -23.137    -49.640
      7.860    359.684   -185.710     73.323    -66.267    -22.946    -49.715
      7.870    359.019   -185.939     72.825    -66.637    -22.755    -49.791
      7.880    358.351   -186.165     72.327    -67.008    -22.562    -49.867
      7.890    357.679   -186.390     71.828    -67.380    -22.369    -49.942
      7.900    357.004   -186.613     71.328    -67.753    -22.174    -50.017
      7.910    356.324   -186.833     70.828    -68.126    -21.979    -50.092
      7.920    355.641   -187.052     70.326    -68.500    -21.783    -50.166
      7.930    354.954   -187.269     69.824    -68.875    -21.585    -50.241
      7.940    354.264   -187.484     69.322    -69.250    -21.387    -50.315
      7.950    353.569   -187.697     68.818    -69.627    -21.187    -50.388
      7.960    352.871   -187.908     68.314    -70.004    -20.987    -50.462
      7.970    352.169   -188.116     67.809    -70.382    -20.785    -50.535
      7.980    351.463   -188.323     67.303    -70.760    -20.583    -50.609
      7.990    350.754   -188.528     66.797    -71.140    -20.379    -50.681
      8.000    350.041   -188.731     66.290    -71.520    -20.174    -50.754
      8.010    349.323   -188.932     65.782    -71.901    -19.968    -50.826
      8.020    348.603   -189.130     65.273    -72.283    -19.762    -50.899
      8.030    347.878   -189.327     64.764    -72.666    -19.554    -50.970
      8.040    347.149   -189.521     64.254    -73.049    -19.345    -51.042
      8.050    346.417   -189.714     63.743    -73.434    -19.134    -51.113
      8.060    345.681   -189.904     63.231    -73.819    -18.923    -51.185
      8.070    344.940   -190.092     62.719    -74.205    -18.711    -51.255
      8.080    344.196   -190.278     62.206    -74.592    -18.497    -51.326
      8.090    343.449   -190.462     61.693    -74.980    -18.282    -51.396
      8.100    342.697   -190.644     61.178    -75.369    -18.066    -51.466
      8.110    341.941   -190.823     60.663    -75.758    -17.849    -51.536
      8.120    341.182   -191.001     60.148    -76.149    -17.631    -51.606
      8.130    340.418   -191.176     59.631    -76.540    -17.412    -51.675
      8.140    339.651   -191.349     59.114    -76.932    -17.191    -51.744
      8.150    338.880   -191.520     58.596    -77.326    -16.969    -51.812
      8.160    338.104   -191.688     58.078    -77.720    -16.746    -51.881
      8.170    337.325   -191.855     57.559    -78.115    -16.522    -51.949
      8.180    336.542   -192.019     57.039    -78.511    -16.296    -52.017
      8.190    335.755   -192.181     56.518    -78.908    -16.069    -52.084
      8.200    334.964   -192.340     55.997    -79.306    -15.841    -52.151
      8.210    334.169   -192.497     55.475    -79.704    -15.612    -52.218
      8.220    333.370   -192.652     54.953    -80.104    -15.381    -52.285
      8.230    332.567   -192.805     54.430    -80.505    -15.149    -52.351
      8.240    331.760   -192.955     53.906    -80.907    -14.916    -52.417
      8.250    330.949   -193.103     53.381    -81.310    -14.681    -52.483
      8.260    330.133   -193.249     52.856    -81.713    -14.445    -52.548
      8.270    329.314   -193.392     52.330    -82.118    -14.208    -52.613
      8.280    328.491   -193.533     51.804    -82.524    -13.969    -52.678
      8.290    327.664   -193.672     51.277    -82.931    -13.729    -52.742
      8.300    326.832   -193.808     50.749    -83.339    -13.487    -52.806
      8.310    325.997   -193.941     50.221    -83.748    -13.245    -52.870
      8.320    325.158   -194.073     49.692    -84.158    -13.000    -52.933
      8.330    324.314   -194.201     49.162    -84.569    -12.755    -52.996
      8.340    323.466   -194.328     48.632    -84.981    -12.507    -53.059
      8.350    322.614   -194.451     48.101    -85.394    -12.259    -53.121
      8.360    321.758   -194.573     47.569    -85.808    -12.009    -53.183
      8.370    320.898   -194.692     47.037    -86.224    -11.757    -53.245
      8.380    320.034   -194.808     46.504    -86.640    -11.504    -53.306
      8.390    319.165   -194.922     45.971    -87.058    -11.249    -53.367
      8.400    318.293   -195.033     45.437    -87.476    -10.993    -53.428
      8.410    317.416   -195.142     44.902    -87.896    -10.736    -53.488
      8.420    316.535   -195.248     44.367    -88.317    -10.476    -53.548
      8.430    315.649   -195.351     43.832    -88.739    -10.215    -53.607
      8.440    314.760   -195.452     43.295    -89.163     -9.953    -53.666
      8.450    313.866   -195.550     42.758    -89.587     -9.689    -53.725
      8.460    312.968   -195.646     42.221    -90.013     -9.423    -53.783
      8.470    312.066   -195.739     41.683    -90.440     -9.156    -53.841
      8.480    311.159   -195.829     41.144    -90.868     -8.887    -53.898
      8.490    310.249   -195.916     40.605    -91.297     -8.616    -53.955
      8.500    309.333   -196.001     40.065    -91.728     -8.344    -54.012
      8.510    308.414   -196.083     39.524    -92.159     -8.070    -54.068
      8.520    307.490   -196.163     38.983    -92.592     -7.794    -54.124
      8.530    306.562   -196.239     38.442    -93.027     -7.517    -54.179
      8.540    305.630   -196.313     37.900    -93.462     -7.237    -54.234
      8.550    304.693   -196.384     37.357    -93.899     -6.956    -54.288
      8.560    303.752   -196.452     36.814    -94.337     -6.673    -54.342
      8.570    302.806   -196.517     36.270    -94.777     -6.389    -54.396
      8.580    301.856   -196.580     35.726    -95.217     -6.102    -54.449
      8.590    300.902   -196.639     35.181    -95.660     -5.814    -54.502
      8.600    299.943   -196.696     34.636    -96.103     -5.524    -54.554
      8.610    298.980   -196.750     34.090    -96.548     -5.231    -54.605
      8.620    298.012   -196.801     33.544    -96.994     -4.937    -54.656
      8.630    297.040   -196.849     32.997    -97.441     -4.641    -54.707
      8.640    296.063   -196.893     32.450    -97.890     -4.343    -54.757
      8.650    295.082   -196.935     31.902    -98.341     -4.043    -54.807
      8.660    294.096   -196.974     31.354    -98.792     -3.741    -54.856
      8.670    293.106   -197.010     30.805    -99.245     -3.437    -54.904
      8.680    292.111   -197.043     30.256    -99.700     -3.131    -54.952
      8.690    291.112   -197.073     29.706   -100.156     -2.823    -55.000
      8.700    290.108   -197.099     29.156   -100.613     -2.513    -55.047
      8.710    289.100   -197.123     28.605   -101.072     -2.201    -55.093
      8.720    288.087   -197.143     28.054   -101.533     -1.886    -55.139
      8.730    287.069   -197.161     27.502   -101.995     -1.569    -55.184
      8.740    286.047   -197.175     26.950   -102.458     -1.250    -55.229
      8.750    285.020   -197.186     26.398   -102.923     -0.929    -55.273
      8.760    283.988   -197.193     25.845   -103.389     -0.606    -55.316
      8.770    282.952   -197.198     25.291   -103.857     -0.281    -55.359
      8.780    281.911   -197.199     24.737   -104.327      0.047    -55.402
      8.790    280.866   -197.197     24.183   -104.798      0.378    -55.443
      8.800    279.815   -197.191     23.629   -105.271      0.710    -55.484
      8.810    278.760   -197.183     23.074   -105.745      1.045    -55.524
      8.820    277.700   -197.171     22.518   -106.221      1.382    -55.564
      8.830    276.636   -197.155     21.962   -106.699      1.722    -55.603
      8.840    275.566   -197.136     21.406   -107.178      2.064    -55.641
      8.850    274.492   -197.114     20.849   -107.659      2.409    -55.679
      8.860    273.413   -197.088     20.292   -108.142      2.756    -55.716
      8.870    272.329   -197.059     19.735   -108.626      3.106    -55.752
      8.880    271.241   -197.026     19.177   -109.112      3.458    -55.788
      8.890    270.147   -196.989     18.619   -109.600      3.813    -55.823
      8.900    269.049   -196.949     18.061   -110.089      4.171    -55.857
      8.910    267.945   -196.906     17.502   -110.580      4.531    -55.890
      8.920    266.837   -196.859     16.943   -111.073      4.894    -55.922
      8.930    265.724   -196.808     16.384   -111.568      5.260    -55.954
      8.940    264.606   -196.754     15.824   -112.065      5.628    -55.985
      8.950    263.483   -196.696     15.264   -112.563      6.000    -56.015
      8.960    262.354   -196.634     14.704   -113.063      6.374    -56.044
      8.970    261.221   -196.568     14.143   -113.566      6.751    -56.073
      8.980    260.083   -196.499     13.582   -114.069      7.131    -56.100
      8.990    258.940   -196.425     13.021   -114.575      7.514    -56.127
      9.000    257.792   -196.348     12.460   -115.083      7.900    -56.153
      9.010    256.638   -196.267     11.898   -115.593      8.289    -56.178
      9.020    255.480   -196.183     11.336   -116.104      8.681    -56.202
      9.030    254.316   -196.094     10.774   -116.618      9.076    -56.225
      9.040    253.147   -196.001     10.212   -117.133      9.474    -56.247
      9.050    251.973   -195.904      9.649   -117.651      9.876    -56.268
      9.060    250.794   -195.803      9.086   -118.170     10.281    -56.288
      9.070    249.610   -195.699      8.523   -118.692     10.689    -56.307
      9.080    248.421   -195.590      7.960   -119.215     11.100    -56.326
      9.090    247.226   -195.477      7.397   -119.741     11.515    -56.343
      9.100    246.026   -195.359      6.833   -120.269     11.933    -56.359
      9.110    244.820   -195.238      6.270   -120.799     12.354    -56.374
      9.120    243.610   -195.112      5.706   -121.330     12.780    -56.388
      9.130    242.394   -194.982      5.142   -121.864     13.208    -56.401
      9.140    241.172   -194.848      4.578   -122.401     13.640    -56.412
      9.150    239.946   -194.709      4.014   -122.939     14.076    -56.423
      9.160    238.714   -194.567      3.450   -123.480     14.516    -56.432
      9.170    237.476   -194.419      2.885   -124.022     14.959    -56.440
      9.180    236.233   -194.267      2.321   -124.567     15.406    -56.447
      9.190    234.985   -194.111      1.756   -125.115     15.858    -56.453
      9.200    233.731   -193.950      1.192   -125.664     16.312    -56.457
      9.210    232.471   -193.785      0.627   -126.216     16.771    -56.460
      9.220    231.207   -193.615      0.063   -126.770     17.234    -56.461
      9.230    229.936   -193.440     -0.502   -127.326     17.701    -56.460
      9.240    228.660   -193.261     -1.067   -127.885     18.172    -56.458
      9.250    227.378   -193.077     -1.631   -128.446     18.648    -56.453
      9.260    226.091   -192.888     -2.196   -129.010     19.127    -56.448
      9.270    224.798   -192.694     -2.760   -129.576     19.611    -56.441
      9.280    223.500   -192.495     -3.325   -130.144     20.100    -56.432
      9.290    222.195   -192.292     -3.889   -130.715     20.593    -56.422
      9.300    220.885   -192.084     -4.453   -131.288     21.090    -56.410
      9.310    219.569   -191.870     -5.017   -131.864     21.592    -56.396
      9.320    218.248   -191.652     -5.581   -132.442     22.098    -56.381
      9.330    216.921   -191.428     -6.145   -133.023     22.609    -56.365
      9.340    215.587   -191.199     -6.708   -133.606     23.125    -56.346
      9.350    214.248   -190.966     -7.272   -134.192     23.646    -56.326
      9.360    212.904   -190.727     -7.835   -134.780     24.172    -56.304
      9.370    211.553   -190.482     -8.398   -135.371     24.703    -56.280
      9.380    210.196   -190.232     -8.960   -135.965     25.239    -56.255
      9.390    208.834   -189.977     -9.523   -136.561     25.780    -56.227
      9.400    207.465   -189.717    -10.085   -137.161     26.326    -56.198
      9.410    206.090   -189.451    -10.647   -137.762     26.878    -56.166
      9.420    204.710   -189.179    -11.208   -138.367     27.435    -56.133
      9.430    203.323   -188.902    -11.769   -138.974     27.998    -56.097
      9.440    201.930   -188.619    -12.330   -139.584     28.566    -56.060
      9.450    200.531   -188.331    -12.890   -140.197     29.140    -56.020
      9.460    199.126   -188.036    -13.450   -140.812     29.720    -55.978
      9.470    197.715   -187.736    -14.010   -141.431     30.305    -55.934
      9.480    196.298   -187.430    -14.569   -142.052     30.897    -55.888
      9.490    194.874   -187.118    -15.128   -142.676     31.495    -55.839
      9.500    193.444   -186.800    -15.686   -143.303     32.098    -55.788
      9.510    192.008   -186.476    -16.244   -143.933     32.708    -55.735
      9.520    190.565   -186.146    -16.801   -144.566     33.325    -55.678
      9.530    189.117   -185.810    -17.357   -145.202     33.948    -55.620
      9.540    187.661   -185.467    -17.913   -145.841     34.577    -55.559
      9.550    186.200   -185.118    -18.468   -146.482     35.213    -55.495
      9.560    184.732   -184.763    -19.023   -147.127     35.856    -55.428
      9.570    183.257   -184.401    -19.577   -147.775     36.506    -55.359
      9.580    181.776   -184.033    -20.130   -148.426     37.163    -55.286
      9.590    180.289   -183.658    -20.682   -149.080     37.828    -55.211
      9.600    178.795   -183.276    -21.234   -149.737     38.499    -55.133
      9.610    177.294   -182.888    -21.785   -150.397     39.178    -55.051
      9.620    175.787   -182.492    -22.335   -151.061     39.864    -54.967
      9.630    174.273   -182.090    -22.884   -151.727     40.559    -54.879
      9.640    172.752   -181.681    -23.433   -152.397     41.261    -54.788
      9.650    171.225   -181.265    -23.980   -153.070     41.971    -54.694
      9.660    169.691   -180.842    -24.527   -153.746     42.689    -54.596
      9.670    168.150   -180.411    -25.072   -154.425     43.415    -54.494
      9.680    166.602   -179.973    -25.617   -155.108     44.150    -54.389
      9.690    165.048   -179.528    -26.160   -155.793     44.893    -54.280
      9.700    163.486   -179.076    -26.702   -156.482     45.645    -54.168
      9.710    161.918   -178.615    -27.243   -157.175     46.406    -54.051
      9.720    160.343   -178.147    -27.783   -157.870     47.176    -53.930
      9.730    158.761   -177.672    -28.322   -158.569     47.955    -53.805
      9.740    157.171   -177.188    -28.859   -159.271     48.744    -53.676
      9.750    155.575   -176.697    -29.395   -159.977     49.542    -53.543
      9.760    153.972   -176.197    -29.930   -160.685     50.350    -53.405
      9.770    152.361   -175.690    -30.463   -161.398     51.168    -53.263
      9.780    150.744   -175.174    -30.995   -162.113     51.996    -53.116
      9.790    149.119   -174.650    -31.526   -162.832     52.835    -52.964
      9.800    147.487   -174.117    -32.054   -163.554     53.684    -52.807
      9.810    145.848   -173.576    -32.582   -164.279     54.544    -52.645
      9.820    144.202   -173.026    -33.107   -165.008     55.414    -52.477
      9.830    142.548   -172.468    -33.631   -165.740     56.296    -52.305
      9.840    140.887   -171.900    -34.153   -166.475     57.189    -52.127
      9.850    139.218   -171.324    -34.674   -167.213     58.094    -51.943
      9.860    137.542   -170.738    -35.192   -167.955     59.011    -51.753
      9.870    135.859   -170.144    -35.709   -168.700     59.940    -51.557
      9.880    134.168   -169.539    -36.223   -169.448     60.881    -51.356
      9.890    132.470   -168.926    -36.736   -170.200     61.835    -51.147
      9.900    130.764   -168.303    -37.246   -170.954     62.802    -50.933
      9.910    129.051   -167.670    -37.755   -171.712     63.782    -50.711
      9.920    127.330   -167.027    -38.260   -172.473     64.775    -50.483
      9.930    125.602   -166.374    -38.764   -173.237     65.782    -50.248
      9.940    123.865   -165.711    -39.265   -174.004     66.803    -50.005
      9.950    122.122   -165.038    -39.764   -174.774     67.838    -49.755
      9.960    120.370   -164.354    -40.260   -175.547     68.888    -49.497
      9.970    118.611   -163.660    -40.754   -176.323     69.953    -49.231
      9.980    116.843   -162.955    -41.245   -177.101     71.033    -48.957
      9.990    115.069   -162.240    -41.733   -177.882     72.128    -48.674
     10.000    113.286   -161.513    -42.218   -178.666     73.240    -48.383
     10.010    111.495   -160.775    -42.701   -179.453     74.367    -48.082
