#   T (Gyrs)         Lx         Ly         Lz
      0.000      4.038      4.577    -13.296
      0.014     -5.367      5.550     -2.434
      0.029     -4.142      7.522     -7.205
      0.043      2.329      1.810     -9.425
      0.057     -9.017      9.866     -3.164
      0.071      0.472      2.644     -7.359
      0.086     -3.133      9.652     -6.436
      0.100     -4.901     -1.000     -3.342
      0.114     -0.778      9.870     -7.959
      0.129     -3.586      6.001     -7.875
      0.143     -2.372      2.734      0.134
      0.157     -0.910      8.158     -9.595
      0.171     -7.226      5.546     -5.992
      0.186      4.549      5.734     -3.995
      0.200     -5.293      8.046     -8.823
      0.214     -5.446      3.829     -3.984
      0.229      1.521     10.893     -8.869
      0.243     -3.310      7.149     -6.910
      0.257     -6.963     -0.971     -2.816
      0.271     -0.779      9.721     -7.377
      0.286     -6.970      5.978     -9.578
      0.300     -2.466      5.160     -2.120
      0.314     -1.195      9.308    -10.138
      0.329     -9.164      5.443     -6.549
      0.343      1.508      8.531     -3.733
      0.357     -3.809      7.291     -9.611
      0.371    -11.319      6.562     -1.347
      0.386     -2.914      6.343     -8.059
      0.400     -2.482     12.357    -10.060
      0.414     -7.002      2.444     -5.430
      0.429     -2.330      9.778     -5.273
      0.443     -6.210      4.783    -13.144
      0.457     -7.392      9.365     -4.171
      0.471      2.061      3.948     -7.142
      0.486     -6.910     10.934     -9.262
      0.500     -7.901      4.007     -3.977
      0.514     -0.733      7.832     -8.279
      0.529     -7.945     12.133     -8.203
      0.543     -4.881      0.108     -5.411
      0.557     -5.741     10.843     -5.800
      0.571     -8.375      5.275    -14.517
      0.586     -7.096     10.181     -5.878
      0.600     -0.257      2.797     -6.230
      0.614     -7.743     11.690     -8.646
      0.629    -11.105      4.556     -5.972
      0.643     -2.858      7.085     -6.828
      0.657     -7.617     14.533     -9.265
      0.671     -9.666      2.910     -7.186
      0.686     -6.447     10.443     -4.557
      0.700     -8.307      8.434    -11.029
      0.714     -8.963     10.095     -7.561
      0.729     -4.092     -0.111     -3.675
      0.743     -8.283      9.943     -8.226
      0.757    -13.412      5.555     -6.676
      0.771     -4.955      4.145     -5.974
      0.786     -8.398     14.206     -8.286
      0.800    -12.081      1.153     -7.540
      0.814     -7.562      7.569     -4.048
      0.829     -7.691     10.299     -9.342
      0.843    -12.481      3.023     -7.048
      0.857     -7.270     10.421     -3.399
      0.871     -8.402      3.112     -7.822
      0.886    -16.323      8.930     -5.772
      0.900    -10.312      1.729     -6.521
      0.914     -5.313     13.790     -6.752
      0.929    -12.160      3.180     -6.713
      0.943    -10.447     -3.059     -2.893
      0.957     -8.680      8.013     -5.780
      0.971    -12.156     -0.766     -9.132
      0.986    -12.288      1.517     -3.810
      1.000     -5.264      5.484     -4.586
      1.014    -10.178     -0.405     -7.252
      1.029    -15.336      4.196     -3.596
      1.043     -8.331     -1.033     -4.127
      1.057     -8.835      2.958     -8.274
      1.071    -11.151      1.943     -4.278
      1.086     -6.167    -12.085     -2.843
      1.100     -9.558      3.719     -4.076
      1.114    -13.073     -6.181     -7.177
      1.129     -9.944     -1.691     -3.017
      1.143     -4.924      4.681     -4.221
      1.157    -10.223     -5.276     -5.252
      1.171    -12.014      0.093     -1.767
      1.186     -5.877     -3.713     -3.098
      1.200     -9.335     -3.519     -5.753
      1.214    -11.063     -0.535     -2.183
      1.229     -5.230    -10.617     -2.277
      1.243     -7.478     -1.143     -4.234
      1.257    -12.671     -4.778     -2.282
      1.271     -6.720     -7.443     -2.846
      1.286     -5.675      8.230     -4.011
      1.300     -7.691     -8.183     -3.200
      1.314     -8.914     -1.160     -0.021
      1.329     -5.947     -5.059     -3.137
      1.343     -9.554     -5.226     -4.095
      1.357     -7.349     -2.462     -1.321
      1.371     -3.279    -11.479     -2.638
      1.386     -7.202     -1.915     -3.463
      1.400     -9.104     -4.606     -1.191
      1.414     -4.800    -12.387     -1.537
      1.429     -4.141     -1.654     -2.842
      1.443     -8.089     -3.090     -2.386
      1.457     -6.782    -14.633     -1.205
      1.471     -3.689     -4.402     -1.110
      1.486     -5.752     -2.304     -2.594
      1.500     -8.257    -15.856     -2.444
      1.514     -5.659     -6.119     -0.974
      1.529     -2.844     -1.528     -2.004
      1.543     -4.955    -10.232     -2.386
      1.557     -6.037     -4.588     -0.923
      1.571     -3.988     -9.412     -0.306
      1.586     -3.992    -10.015     -2.194
      1.600     -6.031     -0.083     -2.554
      1.614     -5.576     -7.990     -0.714
      1.629     -2.820    -13.816     -1.290
      1.643     -3.016     -2.272     -1.978
      1.657     -5.863     -4.642     -1.373
      1.671     -4.840    -15.442     -0.770
      1.686     -2.426     -7.927     -0.851
      1.700     -3.735      0.502     -1.897
      1.714     -4.837    -10.793     -1.744
      1.729     -3.516    -11.483     -0.446
      1.743     -1.700      0.074     -0.492
      1.757     -3.054     -8.455     -1.432
      1.771     -5.167    -14.036     -1.108
      1.786     -3.565     -4.268     -0.450
      1.800     -1.982     -9.659     -1.191
      1.814     -2.704     -7.699     -1.802
      1.829     -3.534     -4.402     -0.605
      1.843     -2.860    -13.806      0.243
      1.857     -1.669     -9.302     -1.151
      1.871     -2.987     -1.275     -1.237
      1.886     -3.924     -9.478     -0.555
      1.900     -1.761    -14.048     -0.410
      1.914     -1.173     -3.999     -0.752
      1.929     -3.063     -4.597     -1.110
      1.943     -3.336    -16.022     -0.711
      1.957     -1.721     -9.309     -0.143
      1.971     -1.610     -2.222     -0.859
      1.986     -2.447    -12.704     -1.366
      2.000     -2.121     -9.677     -0.209
      2.014     -0.987     -4.038      0.049
      2.029     -1.683    -11.379     -0.758
      2.043     -3.279     -5.962     -1.004
      2.057     -1.699     -7.314     -0.212
      2.071     -0.600    -14.480     -0.612
      2.086     -1.356     -5.031     -0.863
      2.100     -2.269     -6.438     -0.128
      2.114     -0.989    -15.999     -0.182
      2.129     -0.798     -5.245     -0.523
      2.143     -2.172     -4.974     -0.605
      2.157     -1.509    -15.951     -0.178
      2.171     -0.869     -6.597     -0.125
      2.186     -1.298     -3.978     -1.131
      2.200     -1.196    -11.647     -0.434
      2.214     -1.010     -5.129      0.320
      2.229     -0.681     -8.545     -0.264
      2.243     -1.305    -12.691     -0.848
      2.257     -1.424     -4.317     -0.018
      2.271     -0.590    -10.013     -0.083
      2.286     -0.523     -9.739     -0.979
      2.300     -1.166     -3.334     -0.246
      2.314     -0.898    -11.464      0.088
      2.329     -0.101     -9.225     -0.432
      2.343     -0.866     -3.722     -0.233
      2.357     -1.162    -14.890     -0.237
      2.371     -0.487     -9.082     -0.163
      2.386     -0.630      1.077     -0.465
      2.400     -0.544    -11.832     -0.428
      2.414     -0.506     -7.810      0.328
      2.429     -0.320     -6.967     -0.256
      2.443     -0.750    -13.851     -0.578
      2.457     -0.486     -4.768      0.055
      2.471     -0.063     -9.845     -0.254
      2.486     -0.435     -6.191     -0.484
      2.500     -0.365     -6.653      0.157
      2.514     -0.113    -12.950     -0.227
      2.529     -0.292     -4.717     -0.238
      2.543     -0.426    -10.050     -0.209
      2.557     -0.088     -9.837     -0.143
      2.571     -0.128     -1.971     -0.173
      2.586     -0.196    -10.509     -0.245
      2.600     -0.178     -9.083      0.256
      2.614     -0.064     -5.455     -0.155
      2.629     -0.138    -12.586     -0.525
      2.643     -0.095     -5.601      0.026
      2.657      0.005     -8.875     -0.054
      2.671     -0.042     -7.970     -0.284
      2.686     -0.033     -5.010      0.186
      2.700      0.002    -11.314     -0.116
      2.714      0.012     -2.233     -0.213
      2.729      0.041     -8.287     -0.184
      2.743      0.038    -11.234      0.235
      2.757      0.028     -5.460     -0.158
      2.771      0.145    -11.730     -0.217
      2.786      0.100     -5.089      0.154
      2.800      0.018     -8.986     -0.216
      2.814      0.193     -5.548     -0.148
      2.829      0.048     -8.701      0.126
      2.843      0.117     -8.966     -0.030
      2.857      0.252     -1.636     -0.259
      2.871      0.200    -10.206     -0.025
      2.886     -0.087     -3.975      0.091
      2.900      0.167     -9.183     -0.210
      2.914      0.356     -7.240      0.106
      2.929      0.024     -8.644     -0.017
      2.943      0.431     -5.421     -0.234
      2.957      0.150     -7.440     -0.027
      2.971      0.025     -9.361      0.139
      2.986      0.237     -5.064     -0.139
      3.000      0.402     -9.167     -0.003
      3.014     -0.083     -4.673      0.052
      3.029      0.307     -8.962     -0.185
      3.043      0.304     -5.788      0.101
      3.057      0.069     -9.969     -0.049
      3.071      0.526     -1.674     -0.065
      3.086      0.179     -9.078     -0.056
      3.100     -0.082     -4.890      0.133
      3.114      0.221     -7.219     -0.113
      3.129      0.551     -7.656      0.076
      3.143     -0.117     -6.126     -0.013
      3.157      0.367     -6.733     -0.124
      3.171      0.135     -5.987      0.091
      3.186      0.090     -8.860      0.003
      3.200      0.337     -1.481     -0.102
      3.214      0.241     -8.956     -0.006
      3.229     -0.311     -4.006      0.080
      3.243      0.202     -8.345     -0.097
      3.257      0.373     -5.346      0.155
      3.271     -0.125     -7.421     -0.035
      3.286      0.351     -3.819     -0.063
      3.300     -0.153     -8.511      0.059
      3.314      0.071     -5.935      0.044
      3.329      0.168     -6.137     -0.180
      3.343      0.190     -6.746      0.068
      3.357     -0.520     -6.088     -0.043
      3.371      0.333     -6.368     -0.029
      3.386     -0.156     -7.640      0.127
      3.400      0.004     -5.737     -0.097
      3.414     -0.118     -5.594     -0.023
      3.429      0.089     -7.912      0.162
      3.443     -0.241     -5.193     -0.040
      3.457      0.361     -6.105     -0.020
      3.471     -0.399     -5.569      0.103
      3.486     -0.198     -5.645     -0.097
      3.500      0.148     -5.176      0.118
      3.514     -0.122     -6.924      0.013
      3.529     -0.419     -1.774     -0.079
      3.543     -0.068     -7.145      0.012
      3.557     -0.353     -4.710      0.164
      3.571     -0.298     -6.471     -0.113
      3.586      0.152     -4.081      0.121
      3.600     -0.540     -6.753      0.023
      3.614     -0.291     -3.515      0.002
      3.629      0.024     -7.704      0.137
      3.643     -0.208     -4.342      0.073
      3.657     -0.635     -5.268     -0.131
      3.671     -0.056     -4.785      0.077
      3.686     -0.548     -5.539      0.211
      3.700     -0.287     -4.526     -0.066
      3.714      0.054     -4.607      0.219
      3.729     -0.443     -5.145      0.050
      3.743     -0.429     -2.666      0.079
      3.757     -0.171     -5.606      0.094
      3.771     -0.190     -3.414      0.279
      3.786     -0.395     -4.177      0.005
      3.800     -0.126     -2.821     -0.014
      3.814     -0.167     -3.657      0.342
      3.829     -0.247     -4.314      0.078
      3.843     -0.063     -2.400      0.160
      3.857     -0.017     -5.138      0.163
      3.871     -0.017     -2.692      0.213
      3.886      0.134     -2.601      0.071
      3.900      0.131     -3.139      0.129
      3.914      0.095     -1.956      0.731
      3.929      0.354     -3.295      0.310
      3.943      0.380     -1.504     -0.075
      3.957      0.243     -2.024      0.367
      3.971      0.615     -2.792      0.335
      3.986      0.987     -0.188      0.454
      4.000      0.713     -1.889      0.285
      4.014      0.395     -2.024      0.443
      4.029      1.090     -0.797      0.543
      4.043      1.577     -1.875     -0.280
      4.057      0.949     -0.328      0.256
      4.071      1.340     -1.094      0.885
      4.086      1.885     -1.239      0.211
      4.100      1.339      0.372      0.313
      4.114      0.838     -1.134      0.177
      4.129      1.999     -0.231      0.335
      4.143      2.536      0.621      0.468
      4.157      1.660     -0.405      0.040
      4.171      0.843      0.715      0.838
      4.186      2.411      0.209      0.526
      4.200      2.223      0.441     -0.431
      4.214      1.069      1.819      0.352
      4.229      1.945      0.471      0.498
      4.243      3.572      0.999     -0.016
      4.257      1.743      1.796      0.318
      4.271      0.145     -0.183     -0.119
      4.286      1.558      1.880      0.219
      4.300      3.600      1.725      0.379
      4.314      1.491      1.623     -0.227
      4.329      0.003      2.866      0.455
      4.343      1.817      1.057      0.472
      4.357      1.934      2.199     -0.480
      4.371     -0.277      3.424     -0.096
      4.386      0.581      1.076      0.282
      4.400      2.091      2.608     -0.102
      4.414      0.621      3.369     -0.279
      4.429      0.037      1.040      0.111
      4.443      0.094      2.937      0.408
      4.457      0.462      2.876     -0.707
      4.471      0.824      2.827     -0.270
      4.486     -0.909      3.038      0.357
      4.500      0.030      1.648      0.156
      4.514      0.772      3.766     -0.339
      4.529     -1.021      3.165     -0.486
      4.543     -0.619      1.388      0.347
      4.557      0.973      3.745     -0.016
      4.571     -0.809      2.869     -0.830
      4.586     -1.502      2.295      0.121
      4.600      0.668      3.305      0.346
      4.614     -0.507      2.641     -0.540
      4.629     -2.586      4.206     -0.243
      4.643     -0.532      3.050     -0.027
      4.657      0.706      1.191     -0.177
      4.671     -1.202      3.857     -0.011
      4.686     -2.370      1.937     -0.823
      4.700     -0.873      2.895     -0.092
      4.714      0.400      4.235      0.114
      4.729     -1.170      2.359     -0.500
      4.743     -2.827      3.772     -0.033
      4.757     -0.678      2.860      0.136
      4.771     -0.648      1.966     -0.797
      4.786     -2.270      5.202     -0.286
      4.800     -1.334      2.469      0.091
      4.814      0.120      1.762     -0.661
      4.829     -1.310      4.338     -0.311
      4.843     -2.336      1.797      0.036
      4.857     -1.663      2.450     -0.161
      4.871     -0.844      4.890     -0.331
      4.886     -0.799      1.389     -0.690
      4.900     -1.643      2.776     -0.258
      4.914     -1.600      5.576      0.406
      4.929     -0.977      1.669     -0.174
      4.943     -1.242      2.432     -0.736
      4.957     -1.931      5.817     -0.190
      4.971     -1.384      2.007     -0.106
      4.986     -0.512      1.061     -0.437
      5.000     -0.885      5.140     -0.359
      5.014     -1.431      2.501     -0.237
      5.029     -1.581      1.150     -0.001
      5.043     -0.961      4.418     -0.225
      5.057     -0.604      2.656     -0.681
      5.071     -1.198      2.742     -0.357
      5.086     -0.989      4.723     -0.058
      5.100     -0.579      0.277     -0.144
      5.114     -0.876      2.358     -0.385
      5.129     -1.074      6.545     -0.288
      5.143     -0.927      2.013     -0.179
      5.157     -0.477      1.368     -0.271
      5.171     -0.370      5.890     -0.237
      5.186     -0.591      2.330     -0.162
      5.200     -0.631     -0.158     -0.047
      5.214     -0.291      3.400     -0.068
      5.229     -0.216      1.411     -0.014
      5.243     -0.170      2.625      0.170
      5.257     -0.015      2.135      0.186
      5.271      0.032     -3.832      0.277
      5.286      0.095     -0.354      0.518
      5.300      0.230      2.038      0.561
      5.314      0.427     -3.562      0.638
      5.329      0.272     -1.955      0.767
      5.343      0.133      1.868      1.155
      5.357      0.415     -3.124      1.222
      5.371      0.529     -3.258      0.665
      5.386      0.276     -2.287      0.703
      5.400      0.407     -3.722      1.293
      5.414      0.750     -1.226      1.904
      5.429      0.588     -1.523      1.026
      5.443      0.387     -4.973      1.096
      5.457      0.013     -3.162      1.543
      5.471      0.492     -1.587      1.238
      5.486      1.075     -4.139      1.185
      5.500      0.678     -4.376      0.946
      5.514      0.315     -2.007      1.194
      5.529      0.188     -3.136      2.624
      5.543      0.710     -4.033      1.586
      5.557      0.609     -2.637      0.624
      5.571     -0.039     -4.801      0.647
      5.586      0.482     -4.511      1.613
      5.600      0.900     -1.247      1.782
      5.614      0.803     -2.390      1.016
      5.629      0.445     -4.872      1.200
      5.643     -0.569     -4.091      1.389
      5.657      0.344     -1.848      1.411
      5.671      0.871     -3.932      1.307
      5.686      0.622     -5.402     -0.195
      5.700      0.209     -2.405      0.680
      5.714      0.265     -2.738      1.959
      5.729      0.891     -4.273      2.169
      5.743      0.493     -2.688      0.921
      5.757     -0.201     -2.708     -0.357
      5.771      0.013     -5.078      1.180
      5.786      0.451     -2.669      1.306
      5.800      1.292     -0.930      0.277
      5.814      0.547     -4.607      0.739
      5.829     -0.497     -3.196      1.037
      5.843      0.101     -2.009      1.316
      5.857      0.605     -4.635      0.714
      5.871      0.322     -2.465     -1.071
      5.886      0.043     -2.680      0.816
      5.900      0.459     -4.713      2.697
      5.914      0.338     -2.066      0.532
      5.929     -0.242     -3.369     -1.209
      5.943     -0.166     -3.836      0.780
      5.957      0.372     -1.148      0.558
      5.971      0.902     -3.739      0.190
      5.986     -0.395     -3.284      0.327
      6.000     -0.636     -1.576      0.251
      6.014      0.367     -3.643      0.414
      6.029      0.594     -1.828     -1.343
      6.043     -0.473     -2.590     -0.032
      6.057      0.347     -2.986      1.931
      6.071      0.058     -1.548     -0.528
      6.086     -0.478     -4.841     -1.202
      6.100     -0.165     -2.361     -0.325
      6.114      0.530     -0.242      0.692
      6.129      0.161     -3.226     -0.278
      6.143     -0.850     -1.936     -1.502
      6.157     -0.540     -2.161      0.238
      6.171      0.525     -2.883     -0.771
      6.186     -0.012     -1.267     -1.333
      6.200     -0.496     -2.853      0.045
      6.214     -0.610     -1.400     -0.155
      6.229      0.271     -1.510     -1.512
      6.243     -0.466     -3.066     -1.576
      6.257     -0.598     -0.926     -0.808
      6.271      0.472     -2.089      0.318
      6.286     -0.406     -1.873     -1.415
      6.300     -1.206     -1.092     -2.059
      6.314     -0.289     -2.207     -0.853
      6.329      0.473     -0.127     -0.939
      6.343     -0.369     -1.362     -1.646
      6.357     -1.067     -2.771     -0.660
      6.371     -0.690     -0.445     -1.232
      6.386      0.137     -1.247     -1.771
      6.400     -0.423     -1.913     -1.935
      6.414     -0.726     -0.362     -1.453
      6.429     -0.243     -1.174     -0.048
      6.443     -0.386     -1.229     -1.690
      6.457     -0.958      0.064     -2.873
      6.471     -0.595     -1.221     -1.435
      6.486      0.074     -0.472     -0.608
      6.500     -0.337     -0.217     -1.841
      6.514     -0.741     -1.436     -1.508
      6.529     -0.900     -0.033     -1.211
      6.543     -0.160     -0.139     -1.695
      6.557     -0.172     -1.089     -1.588
      6.571     -0.666      0.277     -1.429
      6.586     -0.641     -0.254     -0.624
      6.600     -0.229     -0.251     -1.423
      6.614     -0.646      0.370     -1.928
      6.629     -0.477     -0.334     -0.956
      6.643     -0.135      1.419     -0.663
      6.657     -0.373      0.457     -1.044
      6.671     -0.755     -0.637     -0.943
      6.686     -0.392      1.363     -0.792
      6.700      0.127      0.409     -0.466
      6.714     -0.290      0.983     -0.625
      6.729     -0.662      2.043     -0.374
      6.743     -0.165      0.815     -0.304
      6.757     -0.064      2.602     -0.386
      6.771     -0.223      1.387     -0.125
      6.786     -0.231      2.319     -0.024
      6.800     -0.118      2.514     -0.017
      6.814     -0.158      0.334      0.084
      6.829     -0.169      2.990      0.125
      6.843      0.111      2.664      0.047
      6.857     -0.085      2.288      0.185
      6.871     -0.277      3.827      0.249
      6.886      0.010      2.078      0.138
      6.900      0.132      4.450      0.290
      6.914     -0.103      2.628      0.191
      6.929     -0.132      3.279      0.049
      6.943      0.101      4.018      0.268
      6.957      0.014      1.739      0.265
      6.971     -0.066      4.489      0.087
      6.986      0.096      2.852     -0.117
      7.000     -0.002      2.988      0.297
      7.014      0.010      3.423      0.236
      7.029      0.101      2.445     -0.291
      7.043      0.127      4.496      0.079
      7.057     -0.046      1.368      0.189
      7.071     -0.022      4.204     -0.099
      7.086      0.323      3.375      0.059
      7.100      0.091      2.633      0.014
      7.114     -0.104      5.614     -0.253
      7.129      0.142      2.021     -0.109
      7.143      0.259      4.690      0.277
      7.157      0.090      2.396     -0.192
      7.171      0.095      4.434     -0.317
      7.186      0.279      2.971      0.029
      7.200     -0.100      1.457     -0.039
      7.214      0.207      4.429     -0.191
      7.229      0.466      1.455     -0.250
      7.243      0.043      3.485     -0.076
      7.257      0.000      1.457     -0.119
      7.271      0.530      3.034     -0.220
      7.286      0.373      2.884     -0.058
      7.300     -0.034      0.271     -0.225
      7.314      0.257      4.262     -0.117
      7.329      0.621     -0.053     -0.059
      7.343      0.215      2.055     -0.063
      7.357      0.401      3.976     -0.192
      7.371      0.344      0.940     -0.064
      7.386      0.324      3.175      0.034
      7.400      0.366      0.482     -0.059
      7.414      0.530      4.024     -0.019
      7.429      0.628      0.971      0.004
      7.443     -0.121     -0.116      0.034
      7.457      0.540      2.988      0.056
      7.471      1.028     -2.343      0.070
      7.486      0.368      1.565      0.092
      7.500      0.188      1.291      0.246
      7.514      0.742     -0.668      0.117
      7.529      0.879      1.322      0.113
      7.543      0.269     -0.935      0.335
      7.557      0.401      1.708      0.347
      7.571      1.266     -0.345      0.189
      7.586      0.192     -1.501      0.257
      7.600      0.489      2.187      0.472
      7.614      1.548     -2.004      0.504
      7.629      0.477     -0.779      0.308
      7.643     -0.012      0.903      0.800
      7.657      0.970     -1.942      0.538
      7.671      1.356      0.427      0.328
      7.686      0.524     -1.861      0.887
      7.700      0.086     -0.280      0.590
      7.714      1.483     -1.253      0.739
      7.729      0.943     -3.051      0.616
      7.743      0.149      0.566      0.690
      7.757      1.201     -2.460      1.434
      7.771      1.144     -2.730      0.513
      7.786     -0.109     -1.476      0.760
      7.800      1.221     -3.249      1.296
      7.814      1.674     -0.431      0.846
      7.829      0.416     -3.329      1.157
      7.843      0.308     -3.272      0.751
      7.857      1.580     -1.274      1.321
      7.871      1.536     -4.409      1.175
      7.886      0.187     -2.233      0.656
      7.900      0.653     -3.492      2.072
      7.914      1.728     -4.113      1.033
      7.929      0.325     -3.118      0.428
      7.943      0.943     -4.486      1.875
      7.957      1.481     -1.895      1.755
      7.971      0.539     -4.369      0.984
      7.986      0.991     -5.415      0.641
      8.000      0.949     -2.704      1.548
      8.014      1.525     -4.585      2.267
      8.029      1.075     -4.550      0.559
      8.043     -0.459     -4.347      1.172
      8.057      1.229     -4.884      2.132
      8.071      1.904     -3.507      0.102
      8.086      0.439     -5.029      0.820
      8.100      0.604     -4.090      2.805
      8.114      0.485     -4.025      0.844
      8.129      1.285     -6.489     -0.215
      8.143      0.579     -3.668      0.623
      8.157     -0.291     -4.791      2.284
      8.171      0.944     -4.033      0.087
      8.186     -0.391     -4.553     -0.713
      8.200      0.247     -4.065      1.154
      8.214      1.203     -3.127     -0.601
      8.229     -0.728     -4.468     -0.107
      8.243     -0.693     -2.957     -0.679
      8.257      1.617     -3.801     -0.342
      8.271     -0.461     -2.561     -1.027
      8.286     -1.749     -3.259     -0.414
      8.300      0.239     -2.048     -1.052
      8.314     -0.335     -2.701     -2.075
      8.329     -1.356     -1.761     -0.575
      8.343     -0.492     -1.519     -1.149
      8.357     -1.057     -2.297     -2.461
      8.371     -0.811     -1.099     -1.734
      8.386     -0.861     -1.366      0.170
      8.400     -0.870     -0.861     -1.944
      8.414     -1.365     -1.334     -2.273
      8.429     -1.158     -0.600     -0.992
      8.443      0.458     -0.596     -1.695
      8.457     -1.483     -0.747     -1.478
      8.471     -1.739     -0.281     -1.458
      8.486      0.185     -0.647     -1.307
      8.500     -0.715     -0.172     -1.578
      8.514     -2.058     -0.548     -0.688
      8.529     -0.707     -0.118     -1.255
      8.543     -0.053     -0.310     -1.654
      8.557     -1.554     -0.149     -0.838
      8.571     -0.265     -0.022     -0.692
      8.586     -1.016     -0.292     -1.467
      8.600     -0.829     -0.001     -1.014
      8.614     -0.078     -0.115     -0.080
      8.629     -0.907      0.075     -1.077
      8.643     -1.108     -0.230     -0.790
      8.657     -0.457      0.201     -0.459
      8.671      0.069     -0.066     -0.622
      8.686     -1.750      0.060     -0.630
      8.700     -0.516      0.085     -0.390
      8.714      0.574      0.012     -0.766
      8.729     -0.850      0.185     -0.326
      8.743     -0.871      0.027     -0.209
      8.757      0.371      0.327     -0.594
      8.771     -0.489      0.007     -0.314
      8.786     -0.690      0.483     -0.052
      8.800      0.174      0.018     -0.308
      8.814     -0.808      0.338     -0.384
      8.829      0.373      0.176      0.067
      8.843     -0.272      0.453     -0.188
      8.857     -0.612     -0.112     -0.286
      8.871     -0.014      0.511     -0.048
      8.886      0.473      0.414     -0.059
      8.900     -0.826      0.196     -0.197
      8.914     -0.144      0.552      0.017
      8.929      0.938      0.347     -0.199
      8.943     -0.408      0.626     -0.000
      8.957     -0.321      0.439      0.040
      8.971      0.892      0.817     -0.181
      8.986     -0.168      0.443      0.020
      9.000     -0.079      0.978      0.122
      9.014      0.664      0.319     -0.113
      9.029     -0.148      0.880      0.013
      9.043      0.813      0.799      0.238
      9.057     -0.183      0.915     -0.094
      9.071      0.381      0.552      0.057
      9.086      0.478      1.712      0.256
      9.100      0.517      0.410      0.038
      9.114     -0.232      1.237      0.136
      9.129      1.520      0.801      0.274
      9.143      0.392      1.268      0.088
      9.157     -0.233      0.542      0.470
      9.171      0.922      1.464      0.108
      9.186      1.192      0.787      0.372
      9.200     -0.651      1.626      0.319
      9.214      1.102      0.998      0.513
      9.229      1.241      1.258      0.126
      9.243      0.272      1.128      0.743
      9.257      1.386      1.552      0.711
      9.271      0.512      0.515      0.230
      9.286      1.370      1.382      0.895
      9.300      1.295      1.578      1.133
      9.314      1.164      0.273      0.441
      9.329      1.200      1.443      1.133
      9.343      2.635      0.865      1.664
      9.357      1.143      1.366      0.884
      9.371      1.125      0.247      1.825
      9.386      2.769      1.728      1.392
      9.400      2.328      0.113      1.882
      9.414      0.403      1.428      2.113
      9.429      2.493      0.139      2.263
      9.443      3.476      0.252      1.876
      9.457      1.342      0.204      2.729
      9.471      2.776      0.075      3.456
      9.486      3.161     -0.370      1.701
      9.500      2.510     -1.126      3.322
      9.514      3.598      0.797      3.933
      9.529      3.165     -1.619      3.476
      9.543      2.085     -1.390      2.271
      9.557      3.732     -1.410      4.453
      9.571      3.811     -1.308      3.714
      9.586      1.777     -2.523      2.467
      9.600      2.749     -1.803      4.225
      9.614      5.039     -1.789      2.217
      9.629      2.535     -2.294      3.346
      9.643      1.093     -1.564      3.530
      9.657      3.782     -2.411      2.414
      9.671      3.319     -1.544      1.920
      9.686      0.703     -2.196      3.486
      9.700      2.055     -1.487      2.581
      9.714      3.863     -1.829      0.311
      9.729      1.149     -1.617      1.843
      9.743      2.367     -0.739      3.119
      9.757      1.834     -1.552      1.143
      9.771      0.615     -1.120     -0.732
      9.786      2.063     -1.066      2.340
      9.800      1.538     -0.667      1.321
      9.814      0.744     -1.144     -0.879
      9.829      0.335     -0.717      0.607
      9.843      2.948     -0.340      1.109
      9.857      1.095     -0.694     -0.077
      9.871     -2.196     -0.293     -0.057
      9.886      1.071     -0.442      0.393
      9.900      2.569     -0.245     -1.565
      9.914     -0.479     -0.258      0.363
      9.929     -1.347     -0.191     -0.328
      9.943      2.233     -0.099     -0.897
      9.957      0.528     -0.107     -1.106
      9.971     -2.185     -0.019     -0.432
      9.986      0.848     -0.015      0.240
     10.000     -0.335      0.030     -3.295
     10.014     -0.574      0.059     -0.956
     10.029      1.122      0.032      1.017
     10.043     -0.974      0.071     -1.724
     10.057     -0.003      0.223     -2.465
     10.071     -0.774      0.043     -1.027
     10.086     -0.079      0.087      0.073
     10.100     -0.339      0.161     -2.850
     10.114     -2.548      0.141     -1.411
     10.129      0.444      0.065     -0.371
     10.143      0.093      0.058     -3.037
     10.157     -2.131      0.150     -0.905
     10.171     -2.086     -0.001     -1.101
     10.186      0.148      0.072     -2.776
     10.200      0.135      0.044     -1.450
     10.214     -3.307     -0.083     -1.660
     10.229     -1.661      0.032     -1.072
     10.243      1.074     -0.108     -2.435
     10.257     -1.602      0.024     -2.339
     10.271     -2.333     -0.083     -0.087
     10.286     -0.506     -0.210     -1.696
     10.300     -1.565      0.047     -2.313
     10.314     -2.471     -0.109     -1.882
     10.329      0.092     -0.238     -1.138
     10.343     -1.100     -0.132     -0.908
     10.357     -2.862     -0.104     -2.710
     10.371     -1.656     -0.073     -1.585
     10.386     -0.756     -0.169     -0.324
     10.400     -0.598     -0.054     -1.635
     10.414     -2.877     -0.009     -1.454
     10.429     -2.008      0.038     -0.774
     10.443      0.692      0.083     -1.409
     10.457     -1.383      0.173     -1.359
     10.471     -2.437      0.334      0.663
     10.486     -1.038      0.364     -1.062
     10.500      0.568      0.574     -1.122
     10.514     -2.025      0.622      0.298
     10.529     -0.880      1.006      0.047
     10.543      1.268      0.765     -0.682
     10.557     -1.384      1.266     -0.031
     10.571      1.191      1.484      1.785
     10.586      0.425      1.501      0.198
     10.600     -1.437      1.319      0.541
     10.614      1.616      1.777      1.457
     10.629      1.468      2.157      1.590
     10.643     -0.155      1.092      1.149
     10.657      0.919      2.085      1.625
     10.671      3.604      1.686      2.626
     10.686      0.970      1.787      1.243
     10.700      0.585      1.619      3.453
     10.714      3.078      1.752      1.750
     10.729      2.051      1.135      1.689
     10.743      1.637      1.955      4.127
     10.757      1.953      1.454      2.355
     10.771      3.631      0.096      1.717
     10.786      1.897      1.530      2.698
     10.800      2.298      1.059      4.246
     10.814      3.300      0.611      1.533
     10.829      1.469      0.138      2.606
     10.843      3.363      1.138      4.218
     10.857      3.586      0.580      2.093
     10.871      0.725     -0.669      3.607
     10.886      2.449      0.493      2.601
     10.900      5.733     -0.222      3.094
     10.914      1.799      0.083      2.809
     10.929      1.162     -0.730      3.264
     10.943      4.741      0.040      2.847
     10.957      3.079     -0.618      1.976
     10.971      0.762     -0.772      4.569
     10.986      3.388     -0.164      2.505
     11.000      3.323     -2.054      1.213
     11.014      2.104     -0.438      2.656
     11.029      3.069     -0.716      4.441
     11.043      2.251     -1.370      0.845
     11.057      2.837     -1.256      1.515
     11.071      2.134     -0.718      4.882
     11.086      2.954     -0.919      1.490
     11.100      1.816     -2.328      0.891
     11.114      1.451     -0.728      2.343
     11.129      5.274     -1.351      1.869
     11.143      0.508     -1.390      0.974
     11.157      1.222     -1.448      2.219
     11.171      4.617     -1.113     -0.220
     11.186      1.205     -1.360      1.563
     11.200     -0.101     -1.415      1.001
     11.214      4.265     -0.993      0.332
     11.229      0.858     -1.466      0.069
     11.243     -0.136     -0.901      1.928
     11.257      2.692     -1.397     -0.958
     11.271      0.014     -1.131     -0.838
     11.286      1.833     -0.921      2.520
     11.300     -0.127     -1.010     -1.812
     11.314      0.958     -1.214     -1.416
     11.329     -0.490     -0.416      0.546
     11.343      0.594     -0.947     -1.412
     11.357     -1.433     -0.802     -3.210
     11.371      0.001     -0.528      0.311
     11.386      0.169     -0.535     -3.230
     11.400     -3.812     -0.568     -1.542
     11.414     -0.535     -0.315     -2.397
     11.429      0.024     -0.313     -3.912
     11.429      0.023     -0.313     -3.913
