#   T (Gyrs)         Lx         Ly         Lz
      0.000     -0.142      0.082      0.314
      0.014     -0.138      0.081      0.304
      0.029     -0.134      0.079      0.294
      0.043     -0.130      0.078      0.284
      0.057     -0.125      0.076      0.273
      0.071     -0.121      0.074      0.263
      0.086     -0.116      0.072      0.252
      0.100     -0.112      0.070      0.241
      0.114     -0.107      0.068      0.230
      0.129     -0.102      0.066      0.219
      0.143     -0.097      0.064      0.208
      0.157     -0.092      0.061      0.197
      0.171     -0.087      0.059      0.185
      0.186     -0.082      0.057      0.174
      0.200     -0.077      0.054      0.162
      0.214     -0.072      0.052      0.151
      0.229     -0.066      0.049      0.139
      0.243     -0.061      0.046      0.127
      0.257     -0.055      0.043      0.116
      0.271     -0.050      0.040      0.104
      0.286     -0.044      0.037      0.092
      0.300     -0.038      0.034      0.081
      0.314     -0.033      0.031      0.069
      0.329     -0.027      0.028      0.057
      0.343     -0.021      0.025      0.045
      0.357     -0.015      0.021      0.033
      0.371     -0.009      0.018      0.021
      0.386     -0.003      0.015      0.010
      0.400      0.003      0.011     -0.002
      0.414      0.008      0.007     -0.014
      0.429      0.014      0.004     -0.026
      0.443      0.020     -0.000     -0.037
      0.457      0.026     -0.004     -0.049
      0.471      0.032     -0.008     -0.061
      0.486      0.038     -0.012     -0.073
      0.500      0.044     -0.016     -0.084
      0.514      0.050     -0.020     -0.096
      0.529      0.056     -0.024     -0.108
      0.543      0.062     -0.028     -0.120
      0.557      0.067     -0.032     -0.131
      0.571      0.073     -0.037     -0.142
      0.586      0.079     -0.041     -0.154
      0.600      0.085     -0.046     -0.165
      0.614      0.091     -0.051     -0.176
      0.629      0.096     -0.056     -0.187
      0.643      0.102     -0.060     -0.198
      0.657      0.107     -0.065     -0.209
      0.671      0.113     -0.070     -0.219
      0.686      0.118     -0.075     -0.230
      0.700      0.123     -0.080     -0.241
      0.714      0.129     -0.085     -0.251
      0.729      0.134     -0.090     -0.261
      0.743      0.139     -0.095     -0.271
      0.757      0.144     -0.101     -0.281
      0.771      0.149     -0.106     -0.291
      0.786      0.153     -0.111     -0.301
      0.800      0.158     -0.116     -0.310
      0.814      0.163     -0.122     -0.320
      0.829      0.167     -0.127     -0.329
      0.843      0.171     -0.133     -0.337
      0.857      0.176     -0.138     -0.346
      0.871      0.179     -0.144     -0.355
      0.886      0.183     -0.149     -0.363
      0.900      0.187     -0.155     -0.371
      0.914      0.191     -0.160     -0.379
      0.929      0.194     -0.166     -0.387
      0.943      0.198     -0.172     -0.394
      0.957      0.201     -0.178     -0.402
      0.971      0.204     -0.184     -0.409
      0.986      0.207     -0.190     -0.415
      1.000      0.209     -0.196     -0.422
      1.014      0.212     -0.202     -0.428
      1.029      0.214     -0.208     -0.434
      1.043      0.216     -0.214     -0.439
      1.057      0.218     -0.220     -0.445
      1.071      0.219     -0.226     -0.449
      1.086      0.221     -0.232     -0.454
      1.100      0.222     -0.239     -0.458
      1.114      0.223     -0.245     -0.462
      1.129      0.224     -0.251     -0.466
      1.143      0.224     -0.258     -0.469
      1.157      0.224     -0.264     -0.472
      1.171      0.224     -0.271     -0.475
      1.186      0.224     -0.277     -0.477
      1.200      0.223     -0.284     -0.479
      1.214      0.222     -0.291     -0.480
      1.229      0.222     -0.297     -0.480
      1.243      0.220     -0.304     -0.481
      1.257      0.218     -0.311     -0.481
      1.271      0.216     -0.317     -0.481
      1.286      0.213     -0.324     -0.480
      1.300      0.210     -0.330     -0.479
      1.314      0.207     -0.337     -0.477
      1.329      0.203     -0.344     -0.474
      1.343      0.199     -0.351     -0.472
      1.357      0.195     -0.357     -0.468
      1.371      0.190     -0.364     -0.464
      1.386      0.185     -0.370     -0.460
      1.400      0.179     -0.377     -0.455
      1.414      0.173     -0.384     -0.449
      1.429      0.166     -0.391     -0.443
      1.443      0.159     -0.397     -0.437
      1.457      0.152     -0.404     -0.429
      1.471      0.144     -0.411     -0.421
      1.486      0.135     -0.417     -0.413
      1.500      0.126     -0.424     -0.403
      1.514      0.116     -0.431     -0.393
      1.529      0.106     -0.437     -0.382
      1.543      0.095     -0.443     -0.371
      1.557      0.084     -0.450     -0.359
      1.571      0.072     -0.456     -0.346
      1.586      0.060     -0.461     -0.332
      1.600      0.047     -0.467     -0.318
      1.614      0.032     -0.473     -0.302
      1.629      0.018     -0.478     -0.286
      1.643      0.003     -0.484     -0.269
      1.657     -0.012     -0.489     -0.252
      1.671     -0.029     -0.494     -0.233
      1.686     -0.046     -0.498     -0.214
      1.700     -0.063     -0.503     -0.193
      1.714     -0.081     -0.507     -0.172
      1.729     -0.100     -0.510     -0.150
      1.743     -0.120     -0.513     -0.128
      1.757     -0.140     -0.515     -0.104
      1.771     -0.161     -0.518     -0.080
      1.786     -0.182     -0.520     -0.054
      1.800     -0.203     -0.522     -0.029
      1.814     -0.225     -0.522     -0.002
      1.829     -0.246     -0.522      0.024
      1.843     -0.269     -0.522      0.052
      1.857     -0.292     -0.521      0.079
      1.871     -0.315     -0.518      0.107
      1.886     -0.337     -0.515      0.135
      1.900     -0.358     -0.511      0.162
      1.914     -0.379     -0.506      0.189
      1.929     -0.399     -0.501      0.216
      1.943     -0.418     -0.494      0.241
      1.957     -0.434     -0.486      0.266
      1.971     -0.449     -0.476      0.289
      1.986     -0.461     -0.466      0.310
      2.000     -0.470     -0.454      0.329
      2.014     -0.477     -0.441      0.345
      2.029     -0.481     -0.426      0.358
      2.043     -0.481     -0.410      0.369
      2.057     -0.476     -0.393      0.377
      2.071     -0.468     -0.375      0.382
      2.086     -0.456     -0.356      0.384
      2.100     -0.440     -0.338      0.383
      2.114     -0.421     -0.319      0.379
      2.129     -0.399     -0.299      0.372
      2.143     -0.374     -0.280      0.362
      2.157     -0.346     -0.261      0.351
      2.171     -0.316     -0.242      0.339
      2.186     -0.285     -0.223      0.325
      2.200     -0.252     -0.205      0.310
      2.214     -0.219     -0.187      0.294
      2.229     -0.185     -0.170      0.277
      2.243     -0.152     -0.153      0.260
      2.257     -0.118     -0.137      0.243
      2.271     -0.085     -0.123      0.225
      2.286     -0.053     -0.108      0.208
      2.300     -0.021     -0.094      0.191
      2.314      0.010     -0.081      0.174
      2.329      0.039     -0.069      0.158
      2.343      0.067     -0.057      0.142
      2.357      0.094     -0.045      0.127
      2.371      0.120     -0.034      0.112
      2.386      0.144     -0.024      0.098
      2.400      0.167     -0.014      0.084
      2.414      0.189     -0.005      0.070
      2.429      0.209      0.004      0.057
      2.443      0.228      0.013      0.045
      2.457      0.246      0.021      0.033
      2.471      0.262      0.029      0.021
      2.486      0.277      0.036      0.011
      2.500      0.291      0.044      0.000
      2.514      0.304      0.050     -0.010
      2.529      0.315      0.057     -0.019
      2.543      0.326      0.063     -0.028
      2.557      0.335      0.069     -0.036
      2.571      0.343      0.075     -0.045
      2.586      0.350      0.081     -0.052
      2.600      0.356      0.086     -0.059
      2.614      0.361      0.091     -0.066
      2.629      0.365      0.096     -0.072
      2.643      0.369      0.101     -0.078
      2.657      0.371      0.105     -0.084
      2.671      0.373      0.109     -0.090
      2.686      0.373      0.113     -0.094
      2.700      0.373      0.118     -0.099
      2.714      0.372      0.122     -0.104
      2.729      0.371      0.125     -0.108
      2.743      0.368      0.129     -0.112
      2.757      0.365      0.133     -0.115
      2.771      0.362      0.136     -0.118
      2.786      0.357      0.140     -0.121
      2.800      0.352      0.143     -0.124
      2.814      0.347      0.147     -0.127
      2.829      0.341      0.151     -0.129
      2.843      0.334      0.154     -0.132
      2.857      0.327      0.158     -0.134
      2.871      0.319      0.161     -0.136
      2.886      0.311      0.165     -0.137
      2.900      0.302      0.168     -0.139
      2.914      0.293      0.172     -0.140
      2.929      0.283      0.175     -0.141
      2.943      0.273      0.179     -0.142
      2.957      0.263      0.182     -0.143
      2.971      0.252      0.186     -0.144
      2.986      0.241      0.190     -0.144
      3.000      0.230      0.194     -0.144
      3.014      0.218      0.198     -0.145
      3.029      0.206      0.203     -0.145
      3.043      0.194      0.207     -0.145
      3.057      0.182      0.210     -0.145
      3.071      0.169      0.215     -0.144
      3.086      0.157      0.220     -0.144
      3.100      0.143      0.225     -0.144
      3.114      0.130      0.230     -0.143
      3.129      0.116      0.235     -0.142
      3.143      0.102      0.240     -0.141
      3.157      0.088      0.246     -0.140
      3.171      0.074      0.251     -0.139
      3.186      0.059      0.258     -0.139
      3.200      0.044      0.264     -0.137
      3.214      0.030      0.271     -0.136
      3.229      0.015      0.277     -0.135
      3.243      0.000      0.285     -0.133
      3.257     -0.015      0.292     -0.132
      3.271     -0.029      0.299     -0.130
      3.286     -0.044      0.307     -0.128
      3.300     -0.059      0.315     -0.127
      3.314     -0.074      0.323     -0.125
      3.329     -0.088      0.331     -0.123
      3.343     -0.103      0.340     -0.121
      3.357     -0.118      0.350     -0.119
      3.371     -0.132      0.359     -0.117
      3.386     -0.147      0.370     -0.115
      3.400     -0.161      0.378     -0.113
      3.414     -0.175      0.389     -0.111
      3.429     -0.189      0.401     -0.109
      3.443     -0.203      0.413     -0.107
      3.457     -0.217      0.425     -0.105
      3.471     -0.230      0.439     -0.103
      3.486     -0.243      0.453     -0.101
      3.500     -0.256      0.467     -0.098
      3.514     -0.269      0.483     -0.096
      3.529     -0.282      0.498     -0.094
      3.543     -0.294      0.515     -0.091
      3.557     -0.306      0.532     -0.089
      3.571     -0.318      0.550     -0.087
      3.586     -0.329      0.570     -0.084
      3.600     -0.340      0.590     -0.082
      3.614     -0.351      0.610     -0.080
      3.629     -0.361      0.632     -0.077
      3.643     -0.371      0.655     -0.075
      3.657     -0.380      0.678     -0.073
      3.671     -0.389      0.703     -0.070
      3.686     -0.398      0.729     -0.068
      3.700     -0.406      0.755     -0.066
      3.714     -0.413      0.782     -0.063
      3.729     -0.420      0.810     -0.061
      3.743     -0.426      0.839     -0.059
      3.757     -0.431      0.868     -0.056
      3.771     -0.435      0.897     -0.054
      3.786     -0.438      0.924     -0.052
      3.800     -0.439      0.952     -0.049
      3.814     -0.439      0.979     -0.047
      3.829     -0.438      1.007     -0.045
      3.843     -0.434      1.034     -0.042
      3.857     -0.428      1.062     -0.040
      3.871     -0.420      1.090     -0.038
      3.886     -0.410      1.119     -0.035
      3.900     -0.397      1.151     -0.033
      3.914     -0.382      1.185     -0.031
      3.929     -0.364      1.222     -0.028
      3.943     -0.343      1.262     -0.026
      3.957     -0.319      1.305     -0.024
      3.971     -0.292      1.351     -0.022
      3.986     -0.260      1.403     -0.020
      4.000     -0.224      1.458     -0.017
      4.014     -0.183      1.519     -0.015
      4.029     -0.136      1.586     -0.013
      4.043     -0.082      1.650     -0.010
      4.057     -0.020      1.713     -0.007
      4.071      0.053      1.769     -0.004
      4.086      0.137      1.811      0.000
      4.100      0.235      1.832      0.005
      4.114      0.345      1.818      0.011
      4.129      0.467      1.777      0.018
      4.143      0.598      1.705      0.027
      4.157      0.734      1.617      0.038
      4.171      0.870      1.529      0.050
      4.186      1.001      1.460      0.063
      4.200      1.122      1.411      0.077
      4.214      1.232      1.382      0.092
      4.229      1.330      1.374      0.106
      4.243      1.417      1.380      0.120
      4.257      1.494      1.390      0.134
      4.271      1.562      1.402      0.146
      4.286      1.623      1.414      0.158
      4.300      1.678      1.429      0.170
      4.314      1.727      1.445      0.182
      4.329      1.771      1.457      0.192
      4.343      1.811      1.466      0.202
      4.357      1.848      1.471      0.212
      4.371      1.880      1.475      0.222
      4.386      1.910      1.474      0.231
      4.400      1.936      1.473      0.240
      4.414      1.960      1.469      0.248
      4.429      1.982      1.465      0.256
      4.443      2.001      1.458      0.264
      4.457      2.018      1.450      0.271
      4.471      2.033      1.441      0.278
      4.486      2.047      1.432      0.285
      4.500      2.060      1.420      0.291
      4.514      2.072      1.409      0.297
      4.529      2.082      1.397      0.303
      4.543      2.091      1.384      0.309
      4.557      2.098      1.371      0.314
      4.571      2.106      1.359      0.319
      4.586      2.112      1.345      0.324
      4.600      2.118      1.331      0.329
      4.614      2.123      1.316      0.334
      4.629      2.127      1.301      0.338
      4.643      2.130      1.287      0.342
      4.657      2.134      1.273      0.347
      4.671      2.135      1.260      0.351
      4.686      2.137      1.246      0.355
      4.700      2.139      1.232      0.358
      4.714      2.140      1.217      0.362
      4.729      2.141      1.203      0.365
      4.743      2.143      1.189      0.369
      4.757      2.143      1.175      0.372
      4.771      2.143      1.160      0.375
      4.786      2.143      1.146      0.378
      4.800      2.143      1.131      0.381
      4.814      2.143      1.117      0.384
      4.829      2.142      1.102      0.386
      4.843      2.141      1.088      0.389
      4.857      2.140      1.074      0.391
      4.871      2.139      1.060      0.393
      4.886      2.138      1.046      0.396
      4.900      2.136      1.032      0.398
      4.914      2.135      1.019      0.400
      4.929      2.132      1.006      0.402
      4.943      2.130      0.993      0.404
      4.957      2.125      0.979      0.407
      4.971      2.122      0.965      0.408
      4.986      2.119      0.952      0.410
      5.000      2.116      0.938      0.412
      5.014      2.113      0.924      0.413
      5.029      2.110      0.911      0.415
      5.043      2.107      0.897      0.417
      5.057      2.103      0.884      0.418
      5.071      2.100      0.870      0.420
      5.086      2.097      0.857      0.421
      5.100      2.093      0.844      0.422
      5.114      2.089      0.831      0.424
      5.129      2.086      0.818      0.425
      5.143      2.082      0.805      0.426
      5.157      2.079      0.792      0.427
      5.171      2.075      0.779      0.429
      5.186      2.071      0.766      0.430
      5.200      2.068      0.753      0.431
      5.214      2.063      0.741      0.432
      5.229      2.059      0.728      0.433
      5.243      2.055      0.715      0.434
      5.257      2.051      0.703      0.435
      5.271      2.046      0.691      0.435
      5.286      2.042      0.678      0.436
      5.300      2.037      0.666      0.437
      5.314      2.032      0.654      0.438
      5.329      2.028      0.641      0.438
      5.343      2.023      0.629      0.439
      5.357      2.018      0.618      0.440
      5.371      2.014      0.606      0.440
      5.386      2.009      0.594      0.441
      5.400      2.004      0.582      0.441
      5.414      1.999      0.571      0.442
      5.429      1.995      0.559      0.442
      5.443      1.990      0.548      0.443
      5.457      1.985      0.536      0.443
      5.471      1.980      0.525      0.443
      5.486      1.975      0.514      0.444
      5.500      1.970      0.503      0.444
      5.514      1.965      0.492      0.444
      5.529      1.960      0.481      0.445
      5.543      1.954      0.470      0.445
      5.557      1.949      0.459      0.445
      5.571      1.944      0.448      0.445
      5.586      1.939      0.438      0.446
      5.600      1.934      0.427      0.446
      5.614      1.928      0.417      0.446
      5.629      1.923      0.406      0.446
      5.643      1.918      0.396      0.446
      5.657      1.913      0.385      0.446
      5.671      1.907      0.375      0.446
      5.686      1.902      0.365      0.446
      5.700      1.896      0.355      0.446
      5.714      1.891      0.345      0.446
      5.729      1.885      0.335      0.446
      5.743      1.880      0.325      0.446
      5.757      1.874      0.316      0.446
      5.771      1.869      0.306      0.446
      5.786      1.863      0.297      0.446
      5.800      1.858      0.287      0.446
      5.814      1.852      0.278      0.446
      5.829      1.847      0.269      0.446
      5.843      1.841      0.259      0.446
      5.857      1.835      0.250      0.446
      5.871      1.830      0.241      0.446
      5.886      1.824      0.233      0.445
      5.900      1.819      0.224      0.445
      5.914      1.813      0.215      0.445
      5.929      1.808      0.207      0.445
      5.943      1.802      0.198      0.444
      5.957      1.796      0.190      0.444
      5.971      1.791      0.182      0.444
      5.986      1.785      0.174      0.444
      6.000      1.780      0.166      0.443
      6.014      1.774      0.158      0.443
      6.029      1.768      0.150      0.443
      6.043      1.762      0.143      0.443
      6.057      1.757      0.135      0.442
      6.071      1.751      0.128      0.442
      6.086      1.745      0.120      0.442
      6.100      1.739      0.113      0.441
      6.114      1.734      0.106      0.441
      6.129      1.728      0.099      0.440
      6.143      1.722      0.093      0.440
      6.157      1.716      0.086      0.439
      6.171      1.711      0.079      0.439
      6.186      1.705      0.073      0.438
      6.200      1.699      0.067      0.438
      6.214      1.693      0.061      0.437
      6.229      1.688      0.055      0.437
      6.243      1.682      0.049      0.436
      6.257      1.676      0.043      0.436
      6.271      1.670      0.038      0.435
      6.286      1.664      0.032      0.435
      6.300      1.658      0.027      0.434
      6.314      1.653      0.022      0.434
      6.329      1.647      0.017      0.433
      6.343      1.641      0.012      0.433
      6.357      1.635      0.008      0.432
      6.371      1.629      0.003      0.431
      6.386      1.624     -0.001      0.431
      6.400      1.618     -0.006      0.430
      6.414      1.612     -0.010      0.430
      6.429      1.606     -0.014      0.429
      6.443      1.600     -0.018      0.428
      6.457      1.594     -0.021      0.428
      6.471      1.589     -0.025      0.427
      6.486      1.583     -0.028      0.426
      6.500      1.577     -0.032      0.426
      6.514      1.571     -0.035      0.425
      6.529      1.566     -0.038      0.424
      6.543      1.560     -0.041      0.424
      6.557      1.554     -0.043      0.423
      6.571      1.548     -0.046      0.422
      6.586      1.542     -0.048      0.422
      6.600      1.537     -0.051      0.421
      6.614      1.531     -0.053      0.420
      6.629      1.525     -0.055      0.419
      6.643      1.519     -0.057      0.419
      6.657      1.513     -0.059      0.418
      6.671      1.507     -0.060      0.417
      6.686      1.502     -0.062      0.416
      6.700      1.496     -0.063      0.416
      6.714      1.490     -0.065      0.415
      6.729      1.484     -0.066      0.414
      6.743      1.478     -0.067      0.413
      6.757      1.473     -0.068      0.412
      6.771      1.467     -0.069      0.412
      6.786      1.461     -0.070      0.411
      6.800      1.455     -0.071      0.410
      6.814      1.449     -0.071      0.409
      6.829      1.443     -0.072      0.408
      6.843      1.437     -0.072      0.407
      6.857      1.432     -0.072      0.406
      6.871      1.426     -0.073      0.406
      6.886      1.420     -0.073      0.405
      6.900      1.414     -0.073      0.404
      6.914      1.408     -0.073      0.403
      6.929      1.402     -0.072      0.402
      6.943      1.397     -0.072      0.401
      6.957      1.391     -0.072      0.400
      6.971      1.385     -0.071      0.400
      6.986      1.379     -0.071      0.399
      7.000      1.373     -0.070      0.398
      7.014      1.368     -0.070      0.397
      7.029      1.362     -0.069      0.396
      7.043      1.356     -0.068      0.395
      7.057      1.350     -0.067      0.395
      7.071      1.345     -0.066      0.394
      7.086      1.339     -0.065      0.393
      7.100      1.333     -0.064      0.392
      7.114      1.328     -0.063      0.391
      7.129      1.322     -0.062      0.390
      7.143      1.316     -0.061      0.389
      7.157      1.310     -0.059      0.388
      7.171      1.305     -0.058      0.387
      7.186      1.299     -0.056      0.386
      7.200      1.293     -0.055      0.385
      7.214      1.287     -0.053      0.384
      7.229      1.281     -0.052      0.383
      7.243      1.276     -0.050      0.382
      7.257      1.270     -0.048      0.381
      7.271      1.264     -0.047      0.380
      7.286      1.258     -0.045      0.379
      7.300      1.253     -0.043      0.378
      7.314      1.247     -0.041      0.377
      7.329      1.241     -0.039      0.376
      7.343      1.236     -0.037      0.375
      7.357      1.230     -0.035      0.374
      7.371      1.224     -0.033      0.373
      7.386      1.218     -0.031      0.372
      7.400      1.213     -0.029      0.371
      7.414      1.207     -0.027      0.370
      7.429      1.202     -0.025      0.369
      7.443      1.196     -0.023      0.368
      7.457      1.190     -0.020      0.367
      7.471      1.185     -0.018      0.366
      7.486      1.179     -0.016      0.365
      7.500      1.173     -0.014      0.363
      7.514      1.168     -0.011      0.362
      7.529      1.162     -0.009      0.361
      7.543      1.156     -0.007      0.360
      7.557      1.151     -0.004      0.359
      7.571      1.145     -0.002      0.358
      7.586      1.140      0.000      0.357
      7.600      1.134      0.003      0.356
      7.614      1.128      0.005      0.355
      7.629      1.123      0.008      0.354
      7.643      1.117      0.010      0.353
      7.657      1.111      0.012      0.352
      7.671      1.106      0.015      0.351
      7.686      1.100      0.017      0.350
      7.700      1.095      0.020      0.349
      7.714      1.089      0.022      0.348
      7.729      1.083      0.025      0.346
      7.743      1.078      0.027      0.345
      7.757      1.072      0.030      0.344
      7.771      1.067      0.032      0.343
      7.786      1.061      0.035      0.342
      7.800      1.056      0.037      0.341
      7.814      1.050      0.040      0.340
      7.829      1.044      0.042      0.339
      7.843      1.039      0.045      0.338
      7.857      1.033      0.047      0.337
      7.871      1.028      0.049      0.335
      7.886      1.022      0.052      0.334
      7.900      1.017      0.054      0.333
      7.914      1.011      0.057      0.332
      7.929      1.006      0.059      0.331
      7.943      1.000      0.062      0.330
      7.957      0.995      0.064      0.329
      7.971      0.989      0.067      0.328
      7.986      0.984      0.069      0.327
      8.000      0.978      0.071      0.325
      8.014      0.973      0.074      0.324
      8.029      0.967      0.076      0.323
      8.043      0.962      0.078      0.322
      8.057      0.956      0.081      0.321
      8.071      0.951      0.083      0.320
      8.086      0.945      0.085      0.319
      8.100      0.940      0.088      0.317
      8.114      0.934      0.090      0.316
      8.129      0.929      0.092      0.315
      8.143      0.923      0.095      0.314
      8.157      0.918      0.097      0.313
      8.171      0.912      0.099      0.312
      8.186      0.907      0.101      0.311
      8.200      0.901      0.103      0.309
      8.214      0.896      0.106      0.308
      8.229      0.891      0.108      0.307
      8.243      0.885      0.110      0.306
      8.257      0.880      0.112      0.305
      8.271      0.874      0.114      0.304
      8.286      0.869      0.116      0.302
      8.300      0.863      0.118      0.301
      8.314      0.858      0.120      0.300
      8.329      0.853      0.122      0.299
      8.343      0.847      0.124      0.298
      8.357      0.842      0.126      0.297
      8.371      0.837      0.128      0.295
      8.386      0.831      0.130      0.294
      8.400      0.826      0.132      0.293
      8.414      0.820      0.134      0.292
      8.429      0.815      0.136      0.291
      8.443      0.810      0.137      0.289
      8.457      0.804      0.139      0.288
      8.471      0.799      0.141      0.287
      8.486      0.794      0.143      0.286
      8.500      0.788      0.144      0.285
      8.514      0.783      0.146      0.283
      8.529      0.778      0.148      0.282
      8.543      0.772      0.149      0.281
      8.557      0.767      0.151      0.280
      8.571      0.762      0.153      0.279
      8.586      0.756      0.154      0.277
      8.600      0.751      0.156      0.276
      8.614      0.746      0.157      0.275
      8.629      0.740      0.159      0.274
      8.643      0.735      0.160      0.273
      8.657      0.730      0.162      0.271
      8.671      0.725      0.163      0.270
      8.686      0.719      0.164      0.269
      8.700      0.714      0.166      0.268
      8.714      0.709      0.167      0.267
      8.729      0.704      0.168      0.265
      8.743      0.698      0.169      0.264
      8.757      0.693      0.171      0.263
      8.771      0.688      0.172      0.262
      8.786      0.683      0.173      0.261
      8.800      0.677      0.174      0.259
      8.814      0.672      0.175      0.258
      8.829      0.667      0.176      0.257
      8.843      0.662      0.177      0.256
      8.857      0.656      0.178      0.255
      8.871      0.651      0.179      0.253
      8.886      0.646      0.180      0.252
      8.900      0.641      0.181      0.251
      8.914      0.636      0.182      0.250
      8.929      0.630      0.183      0.248
      8.943      0.625      0.184      0.247
      8.957      0.620      0.185      0.246
      8.971      0.615      0.185      0.245
      8.986      0.610      0.186      0.244
      9.000      0.605      0.187      0.242
      9.014      0.600      0.188      0.241
      9.029      0.595      0.188      0.240
      9.043      0.591      0.189      0.239
      9.057      0.587      0.188      0.237
      9.071      0.582      0.189      0.236
      9.086      0.576      0.189      0.235
      9.100      0.571      0.190      0.233
      9.114      0.566      0.190      0.232
      9.129      0.561      0.191      0.231
      9.143      0.556      0.191      0.230
      9.157      0.551      0.191      0.228
      9.171      0.545      0.192      0.227
      9.186      0.540      0.192      0.226
      9.200      0.535      0.192      0.225
      9.214      0.530      0.192      0.224
      9.229      0.525      0.193      0.222
      9.243      0.520      0.193      0.221
      9.257      0.515      0.193      0.220
      9.271      0.510      0.193      0.219
      9.286      0.505      0.193      0.217
      9.300      0.500      0.193      0.216
      9.314      0.495      0.193      0.215
      9.329      0.490      0.193      0.214
      9.343      0.485      0.193      0.212
      9.357      0.480      0.193      0.211
      9.371      0.475      0.193      0.210
      9.386      0.470      0.193      0.209
      9.400      0.465      0.193      0.208
      9.414      0.460      0.193      0.206
      9.429      0.455      0.193      0.205
      9.443      0.450      0.192      0.204
      9.457      0.445      0.192      0.203
      9.471      0.440      0.192      0.201
      9.486      0.435      0.192      0.200
      9.500      0.430      0.191      0.199
      9.514      0.425      0.191      0.198
      9.529      0.420      0.190      0.196
      9.543      0.415      0.190      0.195
      9.557      0.410      0.190      0.194
      9.571      0.406      0.189      0.193
      9.586      0.401      0.189      0.191
      9.600      0.396      0.188      0.190
      9.614      0.391      0.187      0.189
      9.629      0.386      0.187      0.188
      9.643      0.381      0.186      0.187
      9.657      0.376      0.186      0.185
      9.671      0.371      0.185      0.184
      9.686      0.366      0.184      0.183
      9.700      0.362      0.183      0.182
      9.714      0.357      0.183      0.180
      9.729      0.352      0.182      0.179
      9.743      0.347      0.181      0.178
      9.757      0.342      0.180      0.177
      9.771      0.337      0.179      0.176
      9.786      0.333      0.178      0.174
      9.800      0.328      0.177      0.173
      9.814      0.323      0.176      0.172
      9.829      0.318      0.175      0.171
      9.843      0.313      0.174      0.169
      9.857      0.309      0.173      0.168
      9.871      0.304      0.172      0.167
      9.886      0.299      0.171      0.166
      9.900      0.294      0.170      0.165
      9.914      0.289      0.169      0.163
      9.929      0.285      0.168      0.162
      9.943      0.280      0.167      0.161
      9.957      0.275      0.166      0.160
      9.971      0.271      0.164      0.158
      9.986      0.266      0.163      0.157
     10.000      0.261      0.162      0.156
     10.014      0.256      0.160      0.155
     10.029      0.252      0.159      0.154
     10.043      0.247      0.158      0.152
     10.057      0.242      0.156      0.151
     10.071      0.238      0.155      0.150
     10.086      0.233      0.154      0.149
     10.100      0.228      0.152      0.147
     10.114      0.224      0.151      0.146
     10.129      0.219      0.149      0.145
     10.143      0.214      0.148      0.144
     10.157      0.210      0.146      0.142
     10.171      0.205      0.145      0.141
     10.186      0.200      0.143      0.140
     10.200      0.196      0.142      0.139
     10.214      0.191      0.140      0.138
     10.229      0.186      0.138      0.136
     10.243      0.182      0.137      0.135
     10.257      0.177      0.135      0.134
     10.271      0.173      0.134      0.133
     10.286      0.168      0.132      0.131
     10.300      0.163      0.130      0.130
     10.314      0.159      0.129      0.129
     10.329      0.154      0.127      0.128
     10.343      0.150      0.125      0.126
     10.357      0.145      0.123      0.125
     10.371      0.141      0.122      0.124
     10.386      0.136      0.120      0.123
     10.400      0.132      0.118      0.122
     10.414      0.127      0.116      0.120
     10.429      0.123      0.115      0.119
     10.443      0.118      0.113      0.118
     10.457      0.114      0.111      0.117
     10.471      0.109      0.109      0.115
     10.486      0.105      0.107      0.114
     10.500      0.100      0.105      0.113
     10.514      0.096      0.104      0.112
     10.529      0.091      0.102      0.110
     10.543      0.087      0.100      0.109
     10.557      0.082      0.098      0.108
     10.571      0.078      0.096      0.107
     10.586      0.073      0.094      0.105
     10.600      0.069      0.092      0.104
     10.614      0.064      0.091      0.103
     10.629      0.060      0.089      0.102
     10.643      0.056      0.087      0.101
     10.657      0.051      0.085      0.099
     10.671      0.047      0.083      0.098
     10.686      0.042      0.081      0.097
     10.700      0.038      0.079      0.096
     10.714      0.034      0.077      0.094
     10.729      0.029      0.076      0.093
     10.743      0.025      0.074      0.092
     10.757      0.021      0.072      0.091
     10.771      0.016      0.070      0.089
     10.786      0.012      0.068      0.088
     10.800      0.008      0.066      0.087
     10.814      0.003      0.064      0.086
     10.829     -0.001      0.063      0.084
     10.843     -0.005      0.061      0.083
     10.857     -0.010      0.059      0.082
     10.871     -0.014      0.057      0.081
     10.886     -0.018      0.055      0.079
     10.900     -0.023      0.054      0.078
     10.914     -0.027      0.052      0.077
     10.929     -0.031      0.050      0.076
     10.943     -0.035      0.048      0.074
     10.957     -0.040      0.047      0.073
     10.971     -0.044      0.045      0.072
     10.986     -0.048      0.043      0.071
     11.000     -0.052      0.042      0.069
     11.014     -0.057      0.040      0.068
     11.029     -0.061      0.038      0.067
     11.043     -0.065      0.037      0.066
     11.057     -0.069      0.035      0.064
     11.071     -0.073      0.033      0.063
     11.086     -0.078      0.032      0.062
     11.100     -0.082      0.030      0.061
     11.114     -0.086      0.029      0.060
     11.129     -0.090      0.027      0.058
     11.143     -0.094      0.026      0.057
     11.157     -0.098      0.024      0.056
     11.171     -0.102      0.023      0.055
     11.186     -0.107      0.021      0.053
     11.200     -0.111      0.020      0.052
     11.214     -0.115      0.018      0.051
     11.229     -0.119      0.017      0.050
     11.243     -0.123      0.016      0.048
     11.257     -0.127      0.014      0.047
     11.271     -0.131      0.013      0.046
     11.286     -0.135      0.012      0.045
     11.300     -0.139      0.010      0.043
     11.314     -0.143      0.009      0.042
     11.329     -0.147      0.008      0.041
     11.343     -0.151      0.007      0.040
     11.357     -0.155      0.006      0.039
     11.371     -0.159      0.005      0.037
     11.386     -0.163      0.003      0.036
     11.400     -0.167      0.002      0.035
     11.414     -0.171      0.001      0.034
     11.429     -0.175      0.000      0.032
     11.429     -0.175      0.000      0.032
