#   T (Gyrs)         Lx         Ly         Lz
      0.000     -0.008      0.003      0.001
      0.014      0.006     -0.021      0.001
      0.029      0.008     -0.030     -0.000
      0.043     -0.002     -0.019     -0.001
      0.057     -0.010     -0.002     -0.001
      0.071      0.001      0.004      0.000
      0.086      0.022     -0.002      0.001
      0.100      0.028     -0.003      0.001
      0.114      0.014      0.007     -0.000
      0.129     -0.008      0.021     -0.001
      0.143     -0.026      0.027     -0.000
      0.157     -0.026      0.015     -0.000
      0.171     -0.007     -0.013      0.001
      0.186      0.008     -0.032      0.001
      0.200      0.004     -0.022      0.000
      0.214     -0.005     -0.001     -0.001
      0.229     -0.006      0.010     -0.001
      0.243      0.001      0.008     -0.000
      0.257      0.011     -0.000      0.001
      0.271      0.019     -0.008      0.001
      0.286      0.020     -0.010      0.001
      0.300      0.008      0.002     -0.001
      0.314     -0.016      0.025     -0.001
      0.329     -0.032      0.034     -0.000
      0.343     -0.012      0.002      0.001
      0.357      0.005     -0.023      0.001
      0.371      0.004     -0.024      0.000
      0.386     -0.004     -0.014     -0.001
      0.400     -0.005     -0.003     -0.001
      0.414      0.011     -0.000     -0.000
      0.429      0.031      0.003      0.001
      0.443      0.020      0.025      0.001
      0.457     -0.012      0.045     -0.000
      0.471     -0.026      0.036     -0.001
      0.486     -0.018      0.005     -0.001
      0.500     -0.004     -0.028      0.000
      0.514      0.002     -0.042      0.001
      0.529     -0.001     -0.032      0.001
      0.543      0.003     -0.011     -0.000
      0.557      0.024     -0.001     -0.001
      0.571      0.039      0.004     -0.000
      0.586      0.030      0.017      0.001
      0.600      0.003      0.036      0.001
      0.614     -0.025      0.048      0.001
      0.629     -0.037      0.039     -0.000
      0.643     -0.028      0.009     -0.001
      0.657     -0.008     -0.027     -0.001
      0.671      0.005     -0.046     -0.000
      0.686      0.005     -0.043      0.001
      0.700     -0.002     -0.026      0.001
      0.714     -0.006     -0.010      0.001
      0.729     -0.002     -0.001      0.000
      0.743      0.010      0.000     -0.001
      0.757      0.024     -0.000     -0.001
      0.771      0.033      0.007     -0.000
      0.786      0.022      0.030      0.001
      0.800     -0.011      0.059      0.002
      0.814     -0.034      0.062      0.002
      0.829     -0.029      0.032      0.000
      0.843     -0.013     -0.005     -0.001
      0.857     -0.001     -0.033     -0.001
      0.871      0.002     -0.044      0.000
      0.886     -0.001     -0.042      0.001
      0.900     -0.002     -0.030      0.003
      0.914      0.008     -0.015      0.003
      0.929      0.036      0.002      0.001
      0.943      0.054      0.028     -0.002
      0.957      0.027      0.062     -0.001
      0.971     -0.009      0.074      0.002
      0.986     -0.029      0.061      0.003
      1.000     -0.033      0.030      0.003
      1.014     -0.026     -0.010      0.001
      1.029     -0.015     -0.048     -0.001
      1.043     -0.005     -0.075     -0.002
      1.057      0.007     -0.070      0.001
      1.071      0.037     -0.028      0.005
      1.086      0.062      0.009      0.004
      1.100      0.053      0.034      0.000
      1.114      0.024      0.055     -0.002
      1.129     -0.011      0.068     -0.001
      1.143     -0.038      0.068      0.001
      1.157     -0.052      0.047      0.003
      1.171     -0.047      0.004      0.005
      1.186     -0.029     -0.049      0.005
      1.200     -0.010     -0.084      0.002
      1.214     -0.000     -0.080     -0.001
      1.229      0.007     -0.051     -0.002
      1.243      0.021     -0.023      0.000
      1.257      0.039     -0.005      0.003
      1.271      0.053      0.010      0.006
      1.286      0.055      0.029      0.007
      1.300      0.041      0.053      0.004
      1.314      0.012      0.080      0.001
      1.329     -0.024      0.098     -0.002
      1.343     -0.053      0.094     -0.003
      1.357     -0.061      0.058     -0.001
      1.371     -0.048      0.002      0.003
      1.386     -0.027     -0.051      0.007
      1.400     -0.011     -0.080      0.008
      1.414     -0.001     -0.084      0.006
      1.429      0.006     -0.069      0.003
      1.443      0.020     -0.045     -0.000
      1.457      0.044     -0.018     -0.001
      1.471      0.069      0.010      0.002
      1.486      0.079      0.043      0.005
      1.500      0.064      0.080      0.008
      1.514      0.028      0.112      0.009
      1.529     -0.013      0.129      0.007
      1.543     -0.046      0.121      0.004
      1.557     -0.063      0.091      0.000
      1.571     -0.064      0.043     -0.001
      1.586     -0.052     -0.014     -0.001
      1.600     -0.035     -0.069      0.001
      1.614     -0.017     -0.109      0.005
      1.629     -0.003     -0.124      0.009
      1.643      0.010     -0.109      0.011
      1.657      0.029     -0.076      0.007
      1.671      0.053     -0.039      0.002
      1.686      0.075     -0.005     -0.002
      1.700      0.088      0.026     -0.002
      1.714      0.086      0.056      0.002
      1.729      0.067      0.088      0.006
      1.743      0.033      0.120      0.011
      1.757     -0.010      0.146      0.014
      1.771     -0.054      0.155      0.013
      1.786     -0.087      0.136      0.007
      1.800     -0.097      0.080     -0.001
      1.814     -0.082      0.000     -0.004
      1.829     -0.054     -0.075     -0.002
      1.843     -0.028     -0.121      0.003
      1.857     -0.008     -0.131      0.010
      1.871      0.007     -0.117      0.014
      1.886      0.025     -0.088      0.014
      1.900      0.047     -0.053      0.010
      1.914      0.074     -0.014      0.005
      1.929      0.101      0.031     -0.002
      1.943      0.114      0.086     -0.005
      1.957      0.101      0.149      0.000
      1.971      0.054      0.205      0.010
      1.986     -0.011      0.233      0.018
      2.000     -0.067      0.214      0.019
      2.014     -0.095      0.152      0.014
      2.029     -0.096      0.065      0.007
      2.043     -0.078     -0.028     -0.000
      2.057     -0.051     -0.108     -0.004
      2.071     -0.021     -0.159     -0.003
      2.086      0.010     -0.170      0.004
      2.100      0.045     -0.144      0.012
      2.114      0.086     -0.091      0.019
      2.129      0.124     -0.023      0.020
      2.143      0.147      0.048      0.014
      2.157      0.144      0.116      0.006
      2.171      0.114      0.176      0.000
      2.186      0.063      0.223     -0.001
      2.200      0.001      0.251      0.002
      2.214     -0.059      0.251      0.008
      2.229     -0.106      0.215      0.015
      2.243     -0.133      0.140      0.021
      2.257     -0.132      0.031      0.023
      2.271     -0.106     -0.087      0.018
      2.286     -0.067     -0.175      0.008
      2.300     -0.026     -0.213      0.000
      2.314      0.011     -0.200     -0.003
      2.329      0.044     -0.161      0.001
      2.343      0.076     -0.111      0.008
      2.357      0.108     -0.054      0.016
      2.371      0.137      0.006      0.023
      2.386      0.158      0.070      0.027
      2.400      0.164      0.136      0.027
      2.414      0.150      0.204      0.022
      2.429      0.114      0.271      0.013
      2.443      0.058      0.326      0.004
      2.457     -0.010      0.357     -0.002
      2.471     -0.078      0.349     -0.004
      2.486     -0.129      0.300      0.002
      2.500     -0.153      0.214      0.011
      2.514     -0.150      0.107      0.021
      2.529     -0.128     -0.004      0.029
      2.543     -0.096     -0.102      0.032
      2.557     -0.059     -0.175      0.028
      2.571     -0.022     -0.214      0.020
      2.586      0.017     -0.221      0.012
      2.600      0.058     -0.196      0.003
      2.614      0.104     -0.147     -0.002
      2.629      0.152     -0.075     -0.002
      2.643      0.195      0.016      0.003
      2.657      0.223      0.123      0.014
      2.671      0.223      0.237      0.024
      2.686      0.186      0.348      0.034
      2.700      0.113      0.436      0.037
      2.714      0.022      0.482      0.033
      2.729     -0.062      0.475      0.023
      2.743     -0.125      0.416      0.011
      2.757     -0.161      0.319      0.003
      2.771     -0.170      0.194     -0.001
      2.786     -0.156      0.058      0.004
      2.800     -0.126     -0.069      0.012
      2.814     -0.087     -0.178      0.023
      2.829     -0.039     -0.254      0.033
      2.843      0.016     -0.291      0.041
      2.857      0.080     -0.278      0.040
      2.871      0.153     -0.214      0.033
      2.886      0.229     -0.098      0.021
      2.900      0.287      0.060      0.006
      2.914      0.305      0.236      0.000
      2.929      0.270      0.389      0.006
      2.943      0.196      0.500      0.021
      2.957      0.102      0.564      0.035
      2.971      0.006      0.578      0.045
      2.986     -0.078      0.548      0.049
      3.000     -0.145      0.478      0.047
      3.014     -0.188      0.371      0.038
      3.029     -0.204      0.231      0.027
      3.043     -0.197      0.067      0.015
      3.057     -0.167     -0.100      0.008
      3.071     -0.114     -0.248      0.009
      3.086     -0.044     -0.343      0.018
      3.100      0.037     -0.363      0.032
      3.114      0.119     -0.305      0.046
      3.129      0.196     -0.191      0.053
      3.143      0.257     -0.047      0.052
      3.157      0.299      0.105      0.043
      3.171      0.315      0.260      0.032
      3.186      0.304      0.406      0.021
      3.200      0.266      0.542      0.014
      3.214      0.201      0.661      0.017
      3.229      0.117      0.751      0.026
      3.243      0.021      0.800      0.037
      3.257     -0.075      0.800      0.048
      3.271     -0.159      0.743      0.056
      3.286     -0.221      0.631      0.059
      3.300     -0.252      0.470      0.056
      3.314     -0.252      0.278      0.046
      3.329     -0.220      0.088      0.033
      3.343     -0.169     -0.080      0.022
      3.357     -0.104     -0.209      0.015
      3.371     -0.032     -0.283      0.012
      3.386      0.043     -0.302      0.017
      3.400      0.121     -0.269      0.027
      3.414      0.198     -0.189      0.039
      3.429      0.273     -0.064      0.052
      3.443      0.338      0.090      0.063
      3.457      0.388      0.272      0.067
      3.471      0.412      0.471      0.064
      3.486      0.404      0.675      0.053
      3.500      0.358      0.871      0.039
      3.514      0.275      1.047      0.027
      3.529      0.160      1.177      0.022
      3.543      0.028      1.239      0.023
      3.557     -0.100      1.218      0.030
      3.571     -0.209      1.107      0.041
      3.586     -0.280      0.918      0.052
      3.600     -0.304      0.675      0.062
      3.614     -0.285      0.408      0.066
      3.629     -0.229      0.155      0.058
      3.643     -0.147     -0.048      0.044
      3.657     -0.047     -0.177      0.026
      3.671      0.066     -0.220      0.013
      3.686      0.186     -0.166      0.007
      3.700      0.307     -0.013      0.011
      3.714      0.413      0.229      0.022
      3.729      0.487      0.544      0.034
      3.743      0.511      0.892      0.048
      3.757      0.476      1.236      0.054
      3.771      0.382      1.540      0.048
      3.786      0.241      1.771      0.031
      3.800      0.072      1.900      0.013
      3.814     -0.098      1.907     -0.004
      3.829     -0.242      1.787     -0.013
      3.843     -0.338      1.550     -0.016
      3.857     -0.372      1.226     -0.016
      3.871     -0.348      0.868     -0.023
      3.886     -0.268      0.551     -0.041
      3.900     -0.146      0.325     -0.063
      3.914      0.000      0.232     -0.088
      3.929      0.157      0.333     -0.113
      3.943      0.303      0.627     -0.132
      3.957      0.402      1.117     -0.137
      3.971      0.410      1.733     -0.133
      3.986      0.290      2.345     -0.124
      4.000      0.054      2.756     -0.122
      4.014     -0.213      2.821     -0.134
      4.029     -0.410      2.555     -0.151
      4.043     -0.513      2.083     -0.169
      4.057     -0.528      1.539     -0.177
      4.071     -0.485      0.987     -0.175
      4.086     -0.399      0.461     -0.168
      4.100     -0.285      0.006     -0.157
      4.114     -0.144     -0.319     -0.146
      4.129      0.023     -0.431     -0.137
      4.143      0.208     -0.166     -0.127
      4.157      0.334      0.619     -0.107
      4.171      0.281      1.446     -0.083
      4.186      0.124      1.836     -0.064
      4.200     -0.025      1.890     -0.050
      4.214     -0.158      1.750     -0.041
      4.229     -0.266      1.467     -0.036
      4.243     -0.348      1.075     -0.035
      4.257     -0.406      0.586     -0.038
      4.271     -0.430     -0.051     -0.045
      4.286     -0.388     -0.961     -0.057
      4.300     -0.189     -1.659     -0.058
      4.314     -0.007     -1.292     -0.042
      4.329      0.069     -0.762     -0.030
      4.343      0.098     -0.306     -0.021
      4.357      0.101      0.109     -0.015
      4.371      0.082      0.518     -0.010
      4.386      0.043      0.920     -0.007
      4.400     -0.018      1.306     -0.005
      4.414     -0.117      1.680     -0.004
      4.429     -0.288      1.859     -0.004
      4.443     -0.474      0.705     -0.006
      4.457     -0.320     -0.932     -0.006
      4.471     -0.166     -1.154     -0.005
      4.486     -0.079     -1.023     -0.003
      4.500     -0.021     -0.808     -0.001
      4.514      0.025     -0.541      0.002
      4.529      0.064     -0.223      0.004
      4.543      0.101      0.162      0.006
      4.557      0.131      0.649      0.005
      4.571      0.134      1.361      0.001
      4.586      0.023      2.163     -0.006
      4.600     -0.144      1.756     -0.004
      4.614     -0.187      1.022     -0.001
      4.629     -0.179      0.421      0.001
      4.643     -0.153     -0.087      0.004
      4.657     -0.121     -0.532      0.008
      4.671     -0.085     -0.950      0.013
      4.686     -0.044     -1.351      0.020
      4.700      0.019     -1.731      0.024
      4.714      0.148     -1.700      0.014
      4.729      0.229      0.405     -0.009
      4.743      0.092      1.071     -0.002
      4.757     -0.006      0.942      0.004
      4.771     -0.072      0.668      0.007
      4.786     -0.117      0.312      0.009
      4.800     -0.145     -0.118      0.010
      4.814     -0.156     -0.640      0.012
      4.829     -0.147     -1.304      0.013
      4.843     -0.108     -2.238      0.020
      4.857     -0.010     -2.518      0.034
      4.871      0.046     -1.676      0.038
      4.886      0.063     -0.986      0.034
      4.900      0.063     -0.475      0.026
      4.914      0.051     -0.079      0.015
      4.929      0.029      0.239      0.003
      4.943     -0.006      0.511     -0.009
      4.957     -0.052      0.710     -0.020
      4.971     -0.108      0.730     -0.026
      4.986     -0.156      0.230     -0.012
      5.000     -0.122     -1.081      0.033
      5.014     -0.049     -1.677      0.059
      5.029     -0.016     -1.614      0.057
      5.043      0.000     -1.401      0.045
      5.057      0.011     -1.125      0.026
      5.071      0.022     -0.811      0.005
      5.086      0.034     -0.427     -0.018
      5.100      0.044      0.082     -0.039
      5.114      0.038      0.783     -0.050
      5.129     -0.012      1.329     -0.036
      5.143     -0.060      0.900     -0.010
      5.157     -0.059      0.170      0.007
      5.171     -0.039     -0.455      0.014
      5.186     -0.019     -0.939      0.018
      5.200     -0.006     -1.317      0.018
      5.214     -0.001     -1.585      0.014
      5.229      0.000     -1.721      0.008
      5.243      0.006     -1.622     -0.003
      5.257      0.030     -0.989     -0.018
      5.271      0.055      0.175     -0.027
      5.286      0.033      0.676     -0.026
      5.300      0.001      0.604     -0.026
      5.314     -0.023      0.367     -0.025
      5.329     -0.036      0.025     -0.022
      5.343     -0.036     -0.403     -0.018
      5.357     -0.025     -0.950     -0.012
      5.371     -0.006     -1.666      0.003
      5.386      0.003     -2.345      0.037
      5.400     -0.003     -1.732      0.046
      5.414      0.009     -0.880      0.016
      5.429      0.016     -0.399     -0.011
      5.443      0.012     -0.128     -0.029
      5.457      0.002      0.032     -0.039
      5.471     -0.010      0.113     -0.043
      5.486     -0.018      0.117     -0.039
      5.500     -0.011     -0.032     -0.024
      5.514      0.024     -0.560      0.007
      5.529      0.049     -1.288      0.040
      5.543      0.033     -1.507      0.043
      5.557      0.009     -1.465      0.031
      5.571     -0.011     -1.309      0.012
      5.586     -0.024     -1.084     -0.010
      5.600     -0.028     -0.787     -0.031
      5.614     -0.023     -0.367     -0.048
      5.629     -0.011      0.234     -0.052
      5.643      0.009      0.780     -0.031
      5.657      0.042      0.174      0.000
      5.671      0.055     -0.571      0.006
      5.686      0.052     -1.030      0.006
      5.700      0.035     -1.351      0.003
      5.714      0.006     -1.573     -0.001
      5.729     -0.035     -1.685     -0.007
      5.743     -0.077     -1.507     -0.014
      5.757     -0.072     -0.448     -0.021
      5.771     -0.014      0.249     -0.023
      5.786      0.002     -0.161     -0.018
      5.800      0.010     -0.636     -0.012
      5.814      0.017     -1.098     -0.006
      5.829      0.019     -1.585     -0.002
      5.843      0.004     -2.100      0.000
      5.857     -0.043     -2.157      0.003
      5.871     -0.028     -1.496      0.003
      5.886      0.025     -0.969     -0.001
      5.900      0.065     -0.631     -0.003
      5.914      0.084     -0.401     -0.003
      5.929      0.086     -0.236     -0.002
      5.943      0.075     -0.108      0.001
      5.957      0.055     -0.007      0.003
      5.971      0.030      0.074      0.006
      5.986      0.006      0.143      0.008
      6.000     -0.018      0.199      0.009
      6.014     -0.038      0.246      0.009
      6.029     -0.054      0.285      0.007
      6.043     -0.066      0.317      0.004
      6.057     -0.072      0.340     -0.001
      6.071     -0.070      0.344     -0.006
      6.086     -0.059      0.323     -0.012
      6.100     -0.039      0.271     -0.015
      6.114     -0.008      0.168     -0.012
      6.129      0.027     -0.015      0.005
      6.143      0.046     -0.247      0.041
      6.157      0.043     -0.340      0.075
      6.171      0.035     -0.262      0.091
      6.186      0.032     -0.115      0.093
      6.200      0.033      0.063      0.084
      6.214      0.036      0.263      0.063
      6.229      0.041      0.509      0.029
      6.243      0.046      0.813     -0.025
      6.257      0.047      1.139     -0.099
      6.271      0.142      1.265     -0.086
      6.286      0.126      0.715     -0.050
      6.300      0.110      0.435     -0.033
      6.314      0.092      0.222     -0.022
      6.329      0.073      0.035     -0.013
      6.343      0.053     -0.126     -0.004
      6.357      0.032     -0.279      0.003
      6.371      0.009     -0.427      0.012
      6.386     -0.017     -0.576      0.022
      6.400     -0.047     -0.731      0.035
      6.414     -0.086     -0.913      0.054
      6.429     -0.148     -1.170      0.091
      6.443     -0.271     -0.515      0.113
      6.457     -0.131     -0.179      0.073
      6.471     -0.073     -0.086      0.055
      6.486     -0.039     -0.036      0.040
      6.500     -0.015     -0.002      0.027
      6.514      0.004      0.023      0.015
      6.529      0.024      0.042      0.002
      6.543      0.049      0.054     -0.010
      6.557      0.084      0.061     -0.021
      6.571      0.137      0.057     -0.033
      6.586      0.229      0.030     -0.044
      6.600      0.472     -0.230     -0.045
      6.614      0.375     -0.792      0.106
      6.629      0.277     -0.572      0.110
      6.643      0.207     -0.416      0.107
      6.657      0.144     -0.290      0.102
      6.671      0.084     -0.181      0.094
      6.686      0.024     -0.079      0.082
      6.700     -0.034      0.017      0.065
      6.714     -0.092      0.122      0.043
      6.729     -0.152      0.243      0.014
      6.743     -0.215      0.395     -0.029
      6.757     -0.292      0.633     -0.112
      6.771     -0.184      0.467     -0.362
      6.786     -0.018     -0.224     -0.230
      6.800      0.026     -0.381     -0.134
      6.814      0.049     -0.433     -0.076
      6.829      0.064     -0.441     -0.037
      6.843      0.075     -0.425     -0.006
      6.857      0.083     -0.393      0.023
      6.871      0.090     -0.343      0.055
      6.886      0.095     -0.268      0.095
      6.900      0.097     -0.163      0.148
      6.914      0.093      0.001      0.222
      6.929      0.076      0.315      0.327
      6.943      0.018      1.258      0.375
      6.957      0.075      1.194      0.067
      6.971      0.078      0.815      0.017
      6.986      0.076      0.539     -0.005
      7.000      0.074      0.301     -0.017
      7.014      0.071      0.083     -0.024
      7.029      0.068     -0.123     -0.028
      7.043      0.063     -0.330     -0.030
      7.057      0.055     -0.541     -0.029
      7.071      0.045     -0.767     -0.024
      7.086      0.027     -1.029     -0.010
      7.100     -0.019     -1.400      0.029
      7.114     -0.380     -1.304      0.255
      7.129     -0.247     -0.627      0.193
      7.143     -0.166     -0.392      0.154
      7.157     -0.107     -0.238      0.120
      7.171     -0.058     -0.120      0.087
      7.186     -0.014     -0.021      0.054
      7.200      0.030      0.068      0.020
      7.214      0.077      0.155     -0.015
      7.229      0.134      0.242     -0.053
      7.243      0.207      0.339     -0.096
      7.257      0.324      0.450     -0.149
      7.271      0.606      0.541     -0.246
      7.286      0.710     -0.354     -0.092
      7.300      0.528     -0.346     -0.028
      7.314      0.407     -0.304      0.002
      7.329      0.298     -0.258      0.023
      7.343      0.195     -0.209      0.041
      7.357      0.095     -0.159      0.057
      7.371     -0.007     -0.106      0.071
      7.386     -0.113     -0.049      0.084
      7.400     -0.228      0.013      0.096
      7.414     -0.355      0.091      0.107
      7.429     -0.516      0.216      0.113
      7.443     -0.849      0.680      0.018
      7.457     -0.356      0.465     -0.233
      7.471     -0.192      0.245     -0.180
      7.486     -0.096      0.101     -0.133
      7.500     -0.024     -0.013     -0.093
      7.514      0.036     -0.111     -0.055
      7.529      0.094     -0.197     -0.019
      7.543      0.153     -0.276      0.020
      7.557      0.221     -0.350      0.065
      7.571      0.299     -0.423      0.124
      7.586      0.397     -0.491      0.215
      7.600      0.528     -0.509      0.414
      7.614      0.330      0.203      0.685
      7.629      0.125      0.532      0.492
      7.643      0.062      0.523      0.334
      7.657      0.037      0.448      0.212
      7.671      0.023      0.352      0.112
      7.686      0.014      0.245      0.026
      7.700      0.009      0.125     -0.054
      7.714      0.008     -0.009     -0.125
      7.729      0.009     -0.160     -0.189
      7.743      0.014     -0.337     -0.247
      7.757      0.024     -0.562     -0.299
      7.771      0.044     -0.908     -0.331
      7.786     -0.008     -1.696     -0.015
      7.800     -0.102     -0.872      0.160
      7.814     -0.072     -0.565      0.146
      7.829     -0.044     -0.369      0.129
      7.843     -0.018     -0.217      0.110
      7.857      0.009     -0.085      0.088
      7.871      0.036      0.038      0.065
      7.886      0.067      0.164      0.039
      7.900      0.103      0.307      0.008
      7.914      0.154      0.482     -0.035
      7.929      0.239      0.731     -0.100
      7.943      0.626      1.289     -0.342
      7.957      0.750      0.477     -0.109
      7.971      0.594      0.275     -0.030
      7.986      0.469      0.150      0.014
      8.000      0.352      0.051      0.047
      8.014      0.236     -0.036      0.074
      8.029      0.119     -0.116      0.098
      8.043     -0.006     -0.191      0.120
      8.057     -0.140     -0.267      0.142
      8.071     -0.294     -0.348      0.161
      8.086     -0.490     -0.437      0.174
      8.100     -0.825     -0.558      0.132
      8.114     -0.769     -0.338     -0.451
      8.129     -0.264     -0.159     -0.446
      8.143     -0.062     -0.098     -0.329
      8.157      0.057     -0.063     -0.227
      8.171      0.139     -0.038     -0.141
      8.186      0.204     -0.019     -0.063
      8.200      0.260     -0.002      0.012
      8.214      0.310      0.012      0.094
      8.229      0.352      0.025      0.187
      8.243      0.380      0.038      0.307
      8.257      0.383      0.055      0.488
      8.271      0.222      0.091      0.857
      8.286     -0.375      0.281      0.751
      8.300     -0.221      0.204      0.511
      8.314     -0.126      0.142      0.369
      8.329     -0.050      0.087      0.252
      8.343      0.018      0.035      0.142
      8.357      0.083     -0.020      0.035
      8.371      0.152     -0.076     -0.072
      8.386      0.228     -0.139     -0.183
      8.400      0.320     -0.214     -0.305
      8.414      0.448     -0.319     -0.455
      8.429      0.743     -0.615     -0.749
      8.443      0.088     -0.754     -0.425
      8.457     -0.039     -0.507     -0.245
      8.471     -0.079     -0.350     -0.142
      8.486     -0.093     -0.231     -0.063
      8.500     -0.093     -0.128      0.004
      8.514     -0.085     -0.034      0.070
      8.529     -0.066      0.060      0.137
      8.543     -0.033      0.160      0.209
      8.557      0.024      0.276      0.294
      8.571      0.126      0.424      0.402
      8.586      0.400      0.619      0.552
      8.600      1.296      0.340      0.542
      8.614      1.068     -0.176      0.317
      8.629      0.789     -0.231      0.227
      8.643      0.572     -0.236      0.166
      8.657      0.379     -0.224      0.115
      8.671      0.199     -0.204      0.068
      8.686      0.023     -0.178      0.023
      8.700     -0.155     -0.147     -0.022
      8.714     -0.342     -0.106     -0.069
      8.729     -0.545     -0.052     -0.122
      8.743     -0.789      0.036     -0.189
      8.757     -1.213      0.313     -0.332
      8.771     -0.396      0.492     -0.537
      8.786     -0.160      0.294     -0.370
      8.800     -0.041      0.171     -0.256
      8.814      0.045      0.071     -0.163
      8.829      0.116     -0.016     -0.080
      8.843      0.180     -0.099     -0.002
      8.857      0.239     -0.180      0.080
      8.871      0.299     -0.259      0.172
      8.886      0.360     -0.343      0.287
      8.900      0.423     -0.442      0.449
      8.914      0.459     -0.572      0.795
      8.929     -0.099     -0.018      1.167
      8.943     -0.033      0.148      0.791
      8.957      0.023      0.165      0.566
      8.971      0.069      0.157      0.384
      8.986      0.108      0.136      0.218
      9.000      0.141      0.107      0.061
      9.014      0.173      0.069     -0.095
      9.029      0.203      0.019     -0.247
      9.043      0.233     -0.047     -0.402
      9.057      0.255     -0.144     -0.565
      9.071      0.250     -0.310     -0.743
      9.086     -0.018     -0.729     -0.803
      9.100     -0.687     -0.652     -0.185
      9.114     -0.587     -0.382      0.007
      9.129     -0.439     -0.236      0.075
      9.143     -0.302     -0.136      0.112
      9.157     -0.174     -0.057      0.137
      9.171     -0.049      0.012      0.154
      9.186      0.079      0.076      0.166
      9.200      0.226      0.142      0.173
      9.214      0.406      0.213      0.173
      9.229      0.651      0.293      0.160
      9.243      1.093      0.385      0.103
      9.257      1.972     -0.096     -0.037
      9.271      1.205     -0.213      0.069
      9.286      0.862     -0.187      0.083
      9.300      0.597     -0.158      0.091
      9.314      0.365     -0.129      0.094
      9.329      0.148     -0.102      0.095
      9.343     -0.066     -0.073      0.095
      9.357     -0.289     -0.039      0.090
      9.371     -0.527     -0.001      0.080
      9.386     -0.803      0.051      0.059
      9.400     -1.193      0.153     -0.002
      9.414     -1.156      0.426     -0.693
      9.429     -0.501      0.166     -0.542
      9.443     -0.268      0.066     -0.399
      9.457     -0.113      0.000     -0.282
      9.471      0.010     -0.052     -0.179
      9.486      0.121     -0.095     -0.080
      9.500      0.224     -0.131      0.021
      9.514      0.329     -0.164      0.127
      9.529      0.442     -0.192      0.255
      9.543      0.571     -0.216      0.420
      9.557      0.719     -0.233      0.680
      9.571      0.735     -0.099      1.277
      9.586      0.205      0.383      1.047
      9.600      0.106      0.394      0.616
      9.614      0.090      0.334      0.376
      9.629      0.089      0.263      0.202
      9.643      0.092      0.185      0.063
      9.657      0.098      0.101     -0.059
      9.671      0.102      0.009     -0.166
      9.686      0.105     -0.089     -0.263
      9.700      0.105     -0.202     -0.353
      9.714      0.097     -0.333     -0.439
      9.729      0.072     -0.508     -0.508
      9.743     -0.134     -0.880     -0.335
      9.757     -0.685     -0.479      0.220
      9.771     -0.503     -0.280      0.196
      9.786     -0.358     -0.175      0.169
      9.800     -0.227     -0.100      0.145
      9.814     -0.105     -0.040      0.121
      9.829      0.017      0.014      0.094
      9.843      0.144      0.067      0.067
      9.857      0.289      0.123      0.038
      9.871      0.471      0.190      0.003
      9.886      0.721      0.276     -0.045
      9.900      1.211      0.412     -0.115
      9.914      2.022      0.119      0.374
      9.929      1.302      0.013      0.482
      9.943      0.928     -0.013      0.453
      9.957      0.647     -0.027      0.407
      9.971      0.396     -0.038      0.352
      9.986      0.164     -0.047      0.290
     10.000     -0.056     -0.054      0.218
     10.014     -0.274     -0.059      0.133
     10.029     -0.497     -0.065      0.032
     10.043     -0.742     -0.071     -0.102
     10.057     -1.029     -0.074     -0.308
     10.071     -1.305     -0.077     -0.820
     10.086     -0.030     -0.216     -1.257
     10.100      0.358     -0.212     -0.712
     10.114      0.404     -0.174     -0.425
     10.129      0.402     -0.137     -0.227
     10.143      0.375     -0.104     -0.068
     10.157      0.338     -0.073      0.073
     10.171      0.291     -0.041      0.211
     10.186      0.233     -0.009      0.355
     10.200      0.161      0.028      0.511
     10.214      0.063      0.075      0.695
     10.229     -0.092      0.149      0.944
     10.243     -0.548      0.377      1.328
     10.257     -0.043      0.528      0.479
     10.271      0.146      0.376      0.331
     10.286      0.224      0.263      0.246
     10.300      0.270      0.162      0.180
     10.314      0.302      0.066      0.125
     10.329      0.322     -0.029      0.072
     10.343      0.333     -0.123      0.020
     10.357      0.331     -0.219     -0.038
     10.371      0.309     -0.319     -0.094
     10.386      0.252     -0.429     -0.156
     10.400      0.033     -0.583     -0.248
     10.414     -1.420     -0.396     -0.517
     10.429     -1.019     -0.124     -0.458
     10.443     -0.665     -0.054     -0.341
     10.457     -0.405     -0.019     -0.234
     10.471     -0.187      0.005     -0.143
     10.486      0.011      0.022     -0.051
     10.500      0.204      0.035      0.040
     10.514      0.402      0.046      0.136
     10.529      0.622      0.055      0.245
     10.543      0.880      0.059      0.384
     10.557      1.224      0.052      0.597
     10.571      1.820     -0.030      1.148
     10.586      0.635     -0.096      1.449
     10.600      0.365     -0.051      1.036
     10.614      0.245     -0.030      0.764
     10.629      0.162     -0.018      0.527
     10.643      0.095     -0.010      0.305
     10.657      0.042     -0.002      0.089
     10.671     -0.010      0.003     -0.132
     10.686     -0.059      0.008     -0.364
     10.700     -0.106      0.010     -0.620
     10.714     -0.152      0.007     -0.936
     10.729     -0.177     -0.025     -1.470
     10.743     -0.125     -0.375     -1.144
     10.757     -0.248     -0.254     -0.442
     10.771     -0.231     -0.169     -0.203
     10.786     -0.188     -0.111     -0.053
     10.800     -0.133     -0.069      0.063
     10.814     -0.071     -0.035      0.160
     10.829     -0.003     -0.006      0.250
     10.843      0.076      0.025      0.336
     10.857      0.171      0.060      0.424
     10.871      0.302      0.109      0.514
     10.886      0.523      0.189      0.602
     10.900      1.290      0.368      0.539
     10.914      2.036      0.111      0.190
     10.929      1.448      0.039      0.199
     10.943      1.062      0.006      0.192
     10.957      0.737     -0.014      0.180
     10.971      0.441     -0.031      0.169
     10.986      0.149     -0.044      0.154
     11.000     -0.151     -0.056      0.135
     11.014     -0.468     -0.066      0.110
     11.029     -0.833     -0.076      0.073
     11.043     -1.300     -0.084      0.006
     11.057     -2.198     -0.078     -0.254
     11.071     -1.047     -0.085     -1.185
     11.086     -0.369     -0.083     -0.813
     11.100     -0.081     -0.071     -0.551
     11.114      0.112     -0.058     -0.341
     11.129      0.256     -0.046     -0.156
     11.143      0.378     -0.034      0.015
     11.157      0.485     -0.022      0.190
     11.171      0.582     -0.009      0.380
     11.186      0.664      0.006      0.600
     11.200      0.728      0.028      0.886
     11.214      0.696      0.072      1.323
     11.229     -0.491      0.299      1.783
     11.243     -0.210      0.231      0.763
     11.257     -0.064      0.174      0.515
     11.271      0.039      0.123      0.352
     11.286      0.114      0.071      0.221
     11.300      0.184      0.021      0.104
     11.314      0.249     -0.031     -0.006
     11.329      0.313     -0.082     -0.117
     11.343      0.375     -0.134     -0.231
     11.357      0.439     -0.188     -0.360
     11.371      0.496     -0.250     -0.518
     11.386      0.218     -0.375     -0.728
     11.400     -1.270     -0.147     -0.438
     11.414     -0.965     -0.066     -0.290
     11.429     -0.684     -0.033     -0.192
     11.429     -0.684     -0.033     -0.192
