#   T (Gyrs)         Lx         Ly         Lz
      0.000     -1.580     -1.524     -0.437
      0.014     -1.054     -1.801     -1.082
      0.029      0.008     -1.981     -1.333
      0.043      1.053     -1.288     -0.968
      0.057      0.830      0.249     -0.421
      0.071      0.123      0.809      0.076
      0.086     -0.692      0.308      0.535
      0.100     -1.743     -1.297      0.741
      0.114     -2.449     -2.696     -1.073
      0.129     -0.825     -1.912     -0.729
      0.143      0.092     -1.074     -0.264
      0.157      0.779      0.921     -0.079
      0.171      0.132      1.254      1.258
      0.186     -1.092     -0.374      0.654
      0.200     -1.315     -0.770     -0.055
      0.214     -1.103     -1.319     -0.562
      0.229     -0.608     -1.996     -0.952
      0.243      0.436     -2.483     -1.367
      0.257      1.065     -0.152     -0.993
      0.271      0.596      0.642     -0.208
      0.286     -0.003      0.420      0.289
      0.300     -0.664     -0.220      0.560
      0.314     -1.409     -1.095      0.529
      0.329     -2.133     -2.078     -0.136
      0.343     -1.440     -2.293     -1.074
      0.357     -0.366     -1.925     -0.898
      0.371      0.239     -1.279     -0.590
      0.386      0.528     -0.221     -0.239
      0.400      0.413      1.419      0.337
      0.414     -0.880      0.065      1.459
      0.429     -0.669     -0.146      0.204
      0.443     -0.541     -0.812     -0.568
      0.457     -0.207     -2.540     -1.154
      0.471      0.990     -0.784     -1.344
      0.486      0.563      0.298     -0.341
      0.500      0.067      0.131      0.202
      0.514     -0.519     -0.288      0.546
      0.529     -1.323     -0.805      0.649
      0.543     -2.224     -1.431      0.088
      0.557     -1.479     -2.105     -0.647
      0.571     -0.553     -2.101     -0.822
      0.586      0.192     -1.610     -0.741
      0.600      0.691     -0.597     -0.509
      0.614      0.811      0.863     -0.019
      0.629     -0.124      1.713      0.893
      0.643     -0.723     -0.314      0.747
      0.657     -0.873     -1.120      0.189
      0.671     -0.899     -1.491     -0.420
      0.686     -0.588     -1.750     -1.183
      0.700      1.748     -1.961     -1.380
      0.714      0.214     -0.564     -0.733
      0.729     -0.441     -0.335     -0.158
      0.743     -0.845     -0.502      0.609
      0.757     -2.317     -0.978      0.741
      0.771     -1.291     -1.673     -0.422
      0.786     -0.441     -1.666     -0.606
      0.800      0.251     -1.319     -0.612
      0.814      0.853     -0.477     -0.534
      0.829      1.183      1.210     -0.197
      0.843      0.349      1.157      0.473
      0.857     -0.352      0.041      0.588
      0.871     -0.793     -0.908      0.392
      0.886     -1.071     -1.600     -0.039
      0.900     -1.076     -2.054     -0.734
      0.914     -0.140     -1.792     -1.637
      0.929      0.699     -1.158     -0.870
      0.943      0.481     -0.646     -0.309
      0.957      0.073     -0.082      0.071
      0.971     -0.584      0.534      0.448
      0.986     -1.980     -0.730      1.308
      1.000     -1.282     -0.817      0.105
      1.014     -0.528     -0.466     -0.350
      1.029      0.246     -0.729     -0.546
      1.043      1.407     -0.977     -0.770
      1.057      0.975      1.405     -0.012
      1.071     -0.046      0.700      0.307
      1.086     -0.557     -0.234      0.318
      1.100     -0.913     -1.134      0.172
      1.114     -1.210     -1.951     -0.209
      1.129     -1.211     -2.225     -1.030
      1.143     -0.192     -1.381     -1.208
      1.157      0.425     -0.815     -0.773
      1.171      0.640     -0.378     -0.295
      1.186      0.539      0.069      0.188
      1.200     -0.053      0.617      0.611
      1.214     -1.456      0.668      0.689
      1.229     -1.521     -0.830      0.068
      1.243     -0.864     -1.420     -0.231
      1.257     -0.275     -1.560     -0.422
      1.271      0.327     -1.150     -0.631
      1.286      1.044      0.322     -0.850
      1.300      1.123      0.915      0.141
      1.314      0.236     -0.355     -0.031
      1.329     -0.605     -0.606     -0.214
      1.343     -1.545     -1.059     -0.315
      1.357     -1.076     -3.362     -0.792
      1.371     -0.064     -1.464     -0.837
      1.386      0.174     -0.325     -0.630
      1.400      0.274      0.423     -0.316
      1.414      0.275      0.801      0.140
      1.429     -0.046      0.695      0.796
      1.443     -0.961     -0.405      0.755
      1.457     -1.261     -0.906      0.117
      1.471     -1.116     -1.056     -0.404
      1.486     -0.720     -1.083     -0.778
      1.500     -0.080     -1.085     -0.953
      1.514      0.816     -0.844     -0.819
      1.529      1.384     -0.015     -0.106
      1.543      0.453      0.564      0.133
      1.557     -0.267      0.512      0.122
      1.571     -0.845      0.110      0.027
      1.586     -1.263     -0.882     -0.112
      1.600     -1.314     -3.007     -0.551
      1.614     -0.251     -1.756     -0.984
      1.629     -0.310     -0.451     -0.563
      1.643     -0.215      0.083     -0.084
      1.657      0.093      0.415      0.563
      1.671     -1.067      1.423      0.734
      1.686     -0.961     -0.419      0.162
      1.700     -0.639     -1.262     -0.156
      1.714     -0.313     -1.631     -0.523
      1.729      0.111     -1.391     -1.015
      1.743      0.867      0.373     -0.950
      1.757      0.591      0.610     -0.041
      1.771      0.015      0.129      0.319
      1.786     -0.566     -0.355      0.373
      1.800     -1.101     -0.762      0.193
      1.814     -1.482     -1.179     -0.215
      1.829     -1.277     -1.629     -0.777
      1.843     -0.415     -1.720     -0.844
      1.857      0.212     -1.288     -0.658
      1.871      0.532     -0.550     -0.370
      1.886      0.496      0.401     -0.030
      1.900     -0.112      1.258      0.366
      1.914     -1.195      0.576      0.511
      1.929     -1.059     -0.887      0.189
      1.943     -0.739     -1.446     -0.145
      1.957     -0.414     -1.471     -0.506
      1.971      0.059     -1.005     -0.890
      1.986      1.513      0.788     -0.675
      2.000      0.443     -0.305     -0.196
      2.014     -0.319     -0.467     -0.206
      2.029     -1.052     -0.557     -0.139
      2.043     -2.004     -1.912      0.263
      2.057     -0.889     -2.044     -0.532
      2.071     -0.401     -0.929     -0.611
      2.086     -0.010     -0.216     -0.494
      2.100      0.359      0.269     -0.228
      2.114      0.613      0.611      0.331
      2.129     -0.524      0.268      0.624
      2.143     -1.159     -0.379      0.160
      2.157     -1.138     -0.932     -0.281
      2.171     -0.780     -1.431     -0.562
      2.186     -0.219     -1.715     -0.693
      2.200      0.466     -1.449     -0.626
      2.214      0.619     -0.216     -0.383
      2.229      0.303      0.647     -0.090
      2.243     -0.256      0.820      0.163
      2.257     -0.851      0.174      0.308
      2.271     -1.240     -1.188      0.207
      2.286     -1.115     -2.348     -0.214
      2.300     -0.678     -1.762     -0.556
      2.314     -0.307     -1.002     -0.614
      2.329      0.026     -0.330     -0.516
      2.343      0.359      0.221     -0.240
      2.357      0.465      0.700      0.437
      2.371     -0.700      0.209      0.476
      2.386     -0.646     -0.185     -0.022
      2.400     -0.460     -0.767     -0.323
      2.414     -0.183     -1.674     -0.590
      2.429      0.359     -1.688     -1.293
      2.443      0.236     -0.500     -0.496
      2.457      0.034     -0.542     -0.123
      2.471     -0.259     -0.466      0.129
      2.486     -0.777     -0.198      0.316
      2.500     -1.669     -0.712      0.061
      2.514     -0.899     -1.946     -0.448
      2.529     -0.223     -1.800     -0.494
      2.543      0.172     -1.113     -0.438
      2.557      0.329     -0.198     -0.320
      2.571      0.233      0.703     -0.106
      2.586     -0.147      0.730      0.216
      2.600     -0.690     -0.205      0.392
      2.614     -1.074     -1.516      0.163
      2.629     -0.961     -1.939     -0.353
      2.643     -0.551     -1.363     -0.636
      2.657     -0.121     -0.864     -0.551
      2.671      0.182     -0.551     -0.340
      2.686      0.333     -0.208     -0.058
      2.700      0.100      0.366      0.329
      2.714     -1.172      0.465      0.369
      2.729     -0.860     -0.669     -0.000
      2.743     -0.476     -1.133     -0.156
      2.757     -0.087     -1.419     -0.293
      2.771      0.362     -1.057     -0.565
      2.786      0.546      0.703     -0.465
      2.800      0.158     -0.453     -0.114
      2.814     -0.217     -0.999      0.041
      2.829     -0.748     -1.066      0.070
      2.843     -1.567     -0.941     -0.253
      2.857     -0.485     -1.681     -0.554
      2.871      0.020     -1.483     -0.311
      2.886      0.223     -0.873     -0.119
      2.900      0.152      0.070      0.016
      2.914     -0.302      1.025      0.144
      2.929     -1.091     -0.204      0.171
      2.943     -0.779     -1.993     -0.035
      2.957     -0.343     -1.873     -0.246
      2.971     -0.101     -1.111     -0.352
      2.986      0.078     -0.172     -0.366
      3.000      0.217      1.050     -0.133
      3.014     -0.058     -0.286      0.501
      3.029     -0.379     -0.850      0.135
      3.043     -0.482     -0.842     -0.154
      3.057     -0.508     -0.777     -0.465
      3.071      0.104     -1.676     -0.748
      3.086      0.267     -1.311     -0.209
      3.100     -0.102     -0.522     -0.129
      3.114     -0.456      0.062     -0.061
      3.129     -1.011      0.274      0.128
      3.143     -0.714     -2.273      0.021
      3.157     -0.333     -1.707     -0.245
      3.171     -0.152     -0.916     -0.321
      3.186     -0.003     -0.029     -0.316
      3.200      0.147      0.732     -0.109
      3.214     -0.030     -0.054      0.311
      3.229     -0.611     -1.231      0.213
      3.243     -0.662     -1.089     -0.104
      3.257     -0.495     -0.788     -0.311
      3.271     -0.152     -0.629     -0.389
      3.286      0.402     -0.753     -0.280
      3.300      0.342     -0.300      0.146
      3.314     -0.159     -0.189     -0.014
      3.329     -0.457     -0.356     -0.154
      3.343     -0.675     -1.115     -0.269
      3.357     -0.346     -3.422     -0.158
      3.371     -0.247     -1.415     -0.196
      3.386     -0.227     -0.462     -0.174
      3.400     -0.157      0.510     -0.102
      3.414     -0.018      0.283      0.264
      3.429     -0.415     -1.267      0.152
      3.443     -0.488     -1.267     -0.074
      3.457     -0.431     -1.022     -0.255
      3.471     -0.210     -0.572     -0.393
      3.486      0.246     -0.493     -0.228
      3.500      0.257     -0.661      0.074
      3.514     -0.202     -0.564      0.154
      3.529     -0.490     -0.532      0.031
      3.543     -0.563     -0.688     -0.141
      3.557     -0.395     -1.220     -0.278
      3.571      0.102     -2.021     -0.262
      3.586      0.215     -1.083     -0.069
      3.600     -0.077     -0.541     -0.051
      3.614     -0.358     -0.269     -0.048
      3.629     -0.783     -0.621     -0.040
      3.643     -0.351     -1.879      0.068
      3.657     -0.190     -1.043     -0.037
      3.671     -0.094     -0.455     -0.131
      3.686      0.231      0.289     -0.277
      3.700      0.129     -0.785     -0.006
      3.714     -0.143     -0.944      0.027
      3.729     -0.380     -0.994      0.008
      3.743     -0.642     -1.039     -0.097
      3.757     -0.251     -1.410     -0.201
      3.771      0.023     -1.386     -0.102
      3.786      0.124     -1.049     -0.008
      3.800      0.012     -0.427      0.055
      3.814     -0.275     -0.207      0.052
      3.829     -0.467     -0.812     -0.013
      3.843     -0.359     -1.867     -0.079
      3.857     -0.056     -2.006     -0.078
      3.871      0.020     -1.230     -0.049
      3.886      0.001     -0.579     -0.019
      3.900     -0.149      0.107      0.044
      3.914     -0.250     -1.079      0.127
      3.929     -0.118     -1.349      0.039
      3.943     -0.038     -1.265     -0.047
      3.957      0.053     -0.903     -0.192
      3.971      0.029     -1.548     -0.050
      3.986     -0.003     -1.158      0.032
      4.000     -0.062     -0.659      0.088
      4.014     -0.278      0.182      0.154
      4.029     -0.192     -1.038      0.071
      4.043     -0.046     -1.243      0.029
      4.057      0.080     -1.093     -0.017
      4.071      0.183     -0.489     -0.044
      4.086      0.114      0.230      0.071
      4.100     -0.073     -0.247      0.214
      4.114     -0.111     -0.813      0.165
      4.129     -0.086     -0.852      0.033
      4.143     -0.025     -0.726     -0.102
      4.157      0.264     -0.268     -0.176
      4.171      0.157     -0.574      0.035
      4.186     -0.017     -0.508      0.054
      4.200     -0.197     -0.318      0.061
      4.214     -0.296     -0.435      0.214
      4.229     -0.090     -0.597      0.080
      4.243     -0.004     -0.476     -0.018
      4.257      0.098     -0.292     -0.107
      4.271      0.271      0.144      0.001
      4.286      0.048     -0.030      0.187
      4.300     -0.104     -0.215      0.146
      4.314     -0.166     -0.354      0.030
      4.329     -0.130     -0.520     -0.109
      4.343      0.049     -0.683     -0.187
      4.357      0.279     -0.232     -0.023
      4.371      0.091     -0.059      0.025
      4.386     -0.053     -0.079      0.031
      4.400     -0.204     -0.253      0.039
      4.414     -0.241     -0.638      0.119
      4.429     -0.087     -0.191      0.025
      4.443      0.014     -0.054     -0.051
      4.457      0.177     -0.076     -0.093
      4.471      0.196     -0.029      0.150
      4.486     -0.006      0.071      0.094
      4.500     -0.125      0.004      0.011
      4.514     -0.183     -0.285     -0.074
      4.529     -0.037     -0.744     -0.139
      4.543      0.193     -0.289     -0.107
      4.557      0.097      0.084     -0.044
      4.571     -0.024      0.125      0.015
      4.586     -0.134     -0.031      0.093
      4.600     -0.245     -0.757      0.151
      4.614     -0.105     -0.196     -0.004
      4.629     -0.016      0.056     -0.048
      4.643      0.123      0.113     -0.066
      4.657      0.258     -0.180      0.077
      4.671      0.052      0.033      0.028
      4.686     -0.091      0.072     -0.016
      4.700     -0.240     -0.131     -0.054
      4.714     -0.032     -0.644     -0.092
      4.729      0.103     -0.218     -0.101
      4.743      0.085      0.136     -0.057
      4.757     -0.013      0.309      0.031
      4.771     -0.138      0.048      0.174
      4.786     -0.116     -0.447      0.061
      4.800     -0.037     -0.152     -0.051
      4.814      0.030      0.115     -0.102
      4.829      0.238      0.340     -0.011
      4.843      0.111     -0.188      0.008
      4.857     -0.044     -0.062     -0.035
      4.871     -0.224      0.128     -0.038
      4.886     -0.137     -0.310      0.026
      4.900     -0.004     -0.219     -0.039
      4.914      0.083     -0.013     -0.077
      4.929      0.146      0.468     -0.042
      4.943     -0.029      0.253      0.140
      4.957     -0.104     -0.154      0.116
      4.971     -0.096     -0.290     -0.038
      4.986     -0.021     -0.167     -0.167
      5.000      0.112      0.118     -0.167
      5.014      0.176      0.165      0.088
      5.029      0.021      0.005      0.082
      5.043     -0.081     -0.040      0.009
      5.057     -0.183     -0.060     -0.137
      5.071     -0.110     -0.230     -0.085
      5.086     -0.029     -0.099      0.026
      5.100      0.051      0.121      0.055
      5.114      0.190      0.650     -0.068
      5.129      0.042      0.197      0.020
      5.143     -0.036     -0.043      0.033
      5.157     -0.125     -0.279      0.004
      5.171     -0.104     -0.194     -0.202
      5.186      0.035      0.008     -0.120
      5.200      0.083      0.079     -0.017
      5.214      0.069      0.128      0.099
      5.229     -0.078      0.145      0.131
      5.243     -0.166      0.079     -0.016
      5.257     -0.086     -0.144     -0.166
      5.271      0.017     -0.164     -0.098
      5.286      0.061     -0.029     -0.015
      5.300      0.059      0.246      0.072
      5.314     -0.095      0.621      0.068
      5.329     -0.053      0.188     -0.011
      5.343     -0.013     -0.087     -0.041
      5.357      0.066     -0.487     -0.087
      5.371     -0.028     -0.031     -0.134
      5.386     -0.044      0.130     -0.031
      5.400     -0.017      0.210      0.059
      5.414      0.008      0.384      0.159
      5.429     -0.046      0.242      0.020
      5.443     -0.048      0.079     -0.061
      5.457     -0.024     -0.195     -0.131
      5.471      0.090     -0.198     -0.063
      5.486      0.065      0.234      0.003
      5.500     -0.013      0.444      0.028
      5.514     -0.101      0.378      0.025
      5.529     -0.101     -0.059     -0.025
      5.543     -0.025     -0.381     -0.086
      5.557      0.054     -0.007     -0.081
      5.571      0.032      0.306     -0.029
      5.586     -0.013      0.396      0.009
      5.600     -0.084      0.264      0.057
      5.614     -0.063     -0.019      0.012
      5.629     -0.018      0.167     -0.026
      5.643      0.014      0.337     -0.049
      5.657      0.098      0.062     -0.062
      5.671      0.013     -0.053     -0.030
      5.686     -0.029      0.242     -0.014
      5.700     -0.062      0.598      0.007
      5.714     -0.054      0.225      0.017
      5.729     -0.018      0.076     -0.019
      5.743     -0.001      0.107     -0.036
      5.757      0.027      0.342     -0.035
      5.771      0.025      0.718      0.001
      5.786     -0.019      0.550      0.011
      5.800     -0.038      0.306      0.003
      5.814     -0.019      0.142     -0.019
      5.829     -0.000      0.196     -0.012
      5.843      0.000      0.483      0.019
      5.857     -0.001      0.492     -0.004
      5.871      0.005      0.290     -0.005
      5.886      0.048      0.096      0.004
      5.900      0.090     -0.131      0.045
      5.914      0.030     -0.116      0.059
      5.929      0.003     -0.030      0.030
      5.943     -0.007      0.083     -0.014
      5.957      0.022      0.424     -0.070
      5.971      0.060      0.349     -0.011
      5.986      0.037      0.061      0.010
      6.000      0.003     -0.228      0.030
      6.014     -0.087     -0.827      0.077
      6.029     -0.002     -0.134      0.064
      6.043      0.026      0.099      0.014
      6.057      0.033      0.232     -0.059
      6.071      0.001     -0.104     -0.086
      6.086      0.015     -0.059     -0.016
      6.100      0.013     -0.059      0.014
      6.114     -0.002     -0.087      0.064
      6.129     -0.090     -0.359      0.076
      6.143     -0.057     -0.233     -0.005
      6.157     -0.021     -0.113     -0.043
      6.171      0.022      0.020     -0.057
      6.186      0.098      0.045     -0.014
      6.200      0.047     -0.351      0.046
      6.214     -0.048     -0.524      0.051
      6.229     -0.099     -0.456     -0.007
      6.243     -0.053     -0.153     -0.096
      6.257      0.017      0.010     -0.071
      6.271      0.057     -0.018     -0.028
      6.286      0.075     -0.075     -0.009
      6.300      0.080     -0.103     -0.002
      6.314      0.079     -0.112      0.003
      6.329      0.070     -0.105      0.008
      6.343      0.055     -0.091      0.018
      6.357      0.034     -0.065      0.032
      6.371      0.002     -0.027      0.054
      6.386     -0.042      0.034      0.082
      6.400     -0.106      0.149      0.104
      6.414     -0.147      0.336      0.047
      6.429     -0.086      0.295     -0.020
      6.443     -0.046      0.196     -0.036
      6.457     -0.022      0.108     -0.039
      6.471     -0.005      0.027     -0.036
      6.486      0.009     -0.049     -0.031
      6.500      0.024     -0.124     -0.024
      6.514      0.041     -0.194     -0.017
      6.529      0.064     -0.264     -0.007
      6.543      0.095     -0.337      0.005
      6.557      0.137     -0.416      0.026
      6.571      0.177     -0.462      0.081
      6.586      0.112     -0.197      0.164
      6.600      0.040      0.057      0.176
      6.614      0.002      0.182      0.155
      6.629     -0.019      0.241      0.118
      6.643     -0.028      0.254      0.070
      6.657     -0.031      0.230      0.018
      6.671     -0.027      0.174     -0.031
      6.686     -0.019      0.090     -0.075
      6.700     -0.007     -0.030     -0.111
      6.714      0.015     -0.210     -0.135
      6.729      0.056     -0.498     -0.138
      6.743      0.120     -0.905     -0.064
      6.757      0.105     -0.723      0.031
      6.771      0.084     -0.490      0.058
      6.786      0.065     -0.318      0.071
      6.800      0.047     -0.173      0.078
      6.814      0.030     -0.044      0.081
      6.829      0.013      0.084      0.078
      6.843     -0.005      0.220      0.068
      6.857     -0.024      0.378      0.047
      6.871     -0.045      0.589      0.001
      6.886     -0.036      0.766     -0.152
      6.900      0.015      0.225     -0.176
      6.914      0.024     -0.043     -0.121
      6.929      0.029     -0.188     -0.077
      6.943      0.031     -0.278     -0.043
      6.957      0.032     -0.334     -0.014
      6.971      0.032     -0.366      0.014
      6.986      0.031     -0.373      0.047
      7.000      0.030     -0.344      0.088
      7.014      0.028     -0.260      0.146
      7.029      0.029     -0.066      0.220
      7.043      0.042      0.312      0.260
      7.057      0.078      0.616      0.160
      7.071      0.092      0.562      0.042
      7.086      0.089      0.411     -0.018
      7.100      0.080      0.256     -0.048
      7.114      0.069      0.106     -0.065
      7.129      0.056     -0.038     -0.073
      7.143      0.039     -0.182     -0.074
      7.157      0.017     -0.329     -0.069
      7.171     -0.010     -0.484     -0.055
      7.186     -0.049     -0.655     -0.026
      7.200     -0.131     -0.832      0.060
      7.214     -0.179     -0.438      0.206
      7.229     -0.105     -0.178      0.194
      7.243     -0.056     -0.059      0.168
      7.257     -0.018      0.016      0.137
      7.271      0.015      0.071      0.101
      7.286      0.046      0.114      0.060
      7.300      0.080      0.149      0.014
      7.314      0.116      0.176     -0.039
      7.329      0.161      0.191     -0.101
      7.343      0.218      0.171     -0.181
      7.357      0.278     -0.041     -0.293
      7.371      0.116     -0.437     -0.228
      7.386      0.001     -0.437     -0.128
      7.400     -0.050     -0.366     -0.065
      7.414     -0.074     -0.285     -0.019
      7.429     -0.082     -0.203      0.017
      7.443     -0.081     -0.120      0.050
      7.457     -0.071     -0.034      0.082
      7.471     -0.050      0.059      0.115
      7.486     -0.017      0.166      0.149
      7.500      0.041      0.295      0.181
      7.514      0.153      0.442      0.192
      7.529      0.370      0.481      0.115
      7.543      0.468      0.151     -0.020
      7.557      0.383     -0.034     -0.050
      7.571      0.293     -0.115     -0.050
      7.586      0.207     -0.160     -0.044
      7.600      0.122     -0.187     -0.036
      7.614      0.037     -0.201     -0.025
      7.629     -0.049     -0.204     -0.012
      7.643     -0.140     -0.195      0.004
      7.657     -0.236     -0.172      0.026
      7.671     -0.345     -0.119      0.062
      7.686     -0.483      0.073      0.140
      7.700     -0.247      0.462      0.179
      7.714     -0.078      0.392      0.149
      7.729      0.005      0.303      0.123
      7.743      0.062      0.213      0.099
      7.757      0.107      0.123      0.072
      7.771      0.147      0.029      0.045
      7.786      0.184     -0.072      0.016
      7.800      0.219     -0.184     -0.017
      7.814      0.246     -0.314     -0.055
      7.829      0.250     -0.474     -0.102
      7.843      0.130     -0.667     -0.163
      7.857     -0.191     -0.555     -0.170
      7.871     -0.295     -0.281     -0.117
      7.886     -0.264     -0.104     -0.069
      7.900     -0.204      0.007     -0.034
      7.914     -0.138      0.083     -0.004
      7.929     -0.072      0.138      0.021
      7.943     -0.003      0.177      0.046
      7.957      0.069      0.200      0.070
      7.971      0.153      0.205      0.095
      7.986      0.258      0.185      0.121
      8.000      0.402      0.107      0.149
      8.014      0.600     -0.146      0.166
      8.029      0.461     -0.518      0.107
      8.043      0.263     -0.431      0.058
      8.057      0.154     -0.332      0.032
      8.071      0.072     -0.246      0.013
      8.086      0.005     -0.167     -0.001
      8.100     -0.054     -0.091     -0.013
      8.114     -0.105     -0.013     -0.024
      8.129     -0.151      0.075     -0.033
      8.143     -0.192      0.183     -0.040
      8.157     -0.223      0.342     -0.044
      8.171     -0.163      0.676     -0.031
      8.186      0.219      0.604      0.069
      8.200      0.282      0.374      0.105
      8.214      0.286      0.210      0.117
      8.229      0.269      0.074      0.119
      8.243      0.239     -0.045      0.116
      8.257      0.199     -0.150      0.109
      8.271      0.144     -0.245      0.094
      8.286      0.071     -0.330      0.073
      8.300     -0.024     -0.402      0.040
      8.314     -0.159     -0.446     -0.014
      8.329     -0.347     -0.403     -0.112
      8.343     -0.464     -0.149     -0.238
      8.357     -0.311      0.136     -0.248
      8.371     -0.132      0.217     -0.174
      8.386     -0.015      0.215     -0.106
      8.400      0.067      0.187     -0.048
      8.414      0.131      0.147      0.003
      8.429      0.187      0.093      0.053
      8.443      0.237      0.028      0.105
      8.457      0.282     -0.050      0.164
      8.471      0.320     -0.153      0.237
      8.486      0.328     -0.307      0.334
      8.500      0.115     -0.592      0.466
      8.514     -0.233     -0.433      0.266
      8.529     -0.212     -0.284      0.143
      8.543     -0.170     -0.187      0.066
      8.557     -0.123     -0.113      0.007
      8.571     -0.074     -0.047     -0.041
      8.586     -0.020      0.015     -0.082
      8.600      0.043      0.079     -0.119
      8.614      0.123      0.153     -0.150
      8.629      0.243      0.244     -0.169
      8.643      0.489      0.361     -0.147
      8.657      0.728      0.236      0.143
      8.671      0.536      0.060      0.279
      8.686      0.357     -0.029      0.301
      8.700      0.204     -0.081      0.287
      8.714      0.074     -0.115      0.254
      8.729     -0.043     -0.136      0.203
      8.743     -0.146     -0.148      0.137
      8.757     -0.237     -0.150      0.052
      8.771     -0.310     -0.140     -0.056
      8.786     -0.351     -0.115     -0.194
      8.800     -0.329     -0.064     -0.372
      8.814     -0.092      0.042     -0.558
      8.829      0.346      0.092     -0.423
      8.843      0.402      0.062     -0.221
      8.857      0.376      0.037     -0.101
      8.871      0.332      0.014     -0.014
      8.886      0.275     -0.006      0.060
      8.900      0.206     -0.028      0.129
      8.914      0.119     -0.049      0.199
      8.929      0.010     -0.072      0.274
      8.943     -0.140     -0.100      0.357
      8.957     -0.391     -0.136      0.442
      8.971     -0.815     -0.129      0.240
      8.986     -0.540     -0.091     -0.049
      9.000     -0.330     -0.074     -0.128
      9.014     -0.171     -0.061     -0.155
      9.029     -0.040     -0.049     -0.160
      9.043      0.083     -0.038     -0.150
      9.057      0.203     -0.028     -0.127
      9.071      0.330     -0.018     -0.091
      9.086      0.470     -0.006     -0.030
      9.100      0.619      0.007      0.078
      9.114      0.695      0.029      0.278
      9.129      0.462      0.061      0.529
      9.143      0.049      0.074      0.578
      9.157     -0.168      0.060      0.453
      9.171     -0.230      0.039      0.308
      9.186     -0.232      0.016      0.174
      9.200     -0.205     -0.008      0.055
      9.214     -0.161     -0.031     -0.058
      9.229     -0.102     -0.056     -0.163
      9.243     -0.023     -0.082     -0.267
      9.257      0.094     -0.112     -0.370
      9.271      0.305     -0.155     -0.470
      9.286      0.882     -0.237     -0.391
      9.300      0.762     -0.143     -0.022
      9.314      0.584     -0.086      0.074
      9.329      0.430     -0.049      0.124
      9.343      0.281     -0.020      0.157
      9.357      0.135      0.006      0.179
      9.371     -0.017      0.029      0.192
      9.386     -0.179      0.052      0.193
      9.400     -0.361      0.074      0.179
      9.414     -0.582      0.095      0.123
      9.429     -0.831      0.087     -0.103
      9.443     -0.564     -0.059     -0.397
      9.457     -0.232     -0.135     -0.385
      9.471     -0.019     -0.151     -0.298
      9.486      0.125     -0.145     -0.204
      9.500      0.227     -0.128     -0.112
      9.514      0.302     -0.104     -0.024
      9.529      0.354     -0.075      0.067
      9.543      0.383     -0.042      0.162
      9.557      0.381      0.001      0.264
      9.571      0.332      0.056      0.377
      9.586      0.198      0.138      0.500
      9.600     -0.142      0.265      0.561
      9.614     -0.497      0.297      0.260
      9.629     -0.409      0.199      0.071
      9.643     -0.302      0.123     -0.016
      9.657     -0.200      0.056     -0.067
      9.671     -0.106     -0.005     -0.101
      9.686     -0.011     -0.062     -0.124
      9.700      0.092     -0.116     -0.137
      9.714      0.211     -0.169     -0.140
      9.729      0.364     -0.221     -0.124
      9.743      0.593     -0.276     -0.059
      9.757      0.922     -0.270      0.270
      9.771      0.686     -0.083      0.448
      9.786      0.473     -0.004      0.428
      9.800      0.307      0.039      0.374
      9.814      0.165      0.066      0.305
      9.829      0.042      0.086      0.225
      9.843     -0.074      0.098      0.133
      9.857     -0.178      0.102      0.028
      9.871     -0.275      0.097     -0.095
      9.886     -0.354      0.072     -0.239
      9.900     -0.387      0.006     -0.393
      9.914     -0.309     -0.123     -0.512
      9.929     -0.049     -0.275     -0.463
      9.943      0.239     -0.307     -0.219
      9.957      0.341     -0.234     -0.027
      9.971      0.351     -0.162      0.079
      9.986      0.331     -0.103      0.147
     10.000      0.295     -0.054      0.198
     10.014      0.248     -0.010      0.239
     10.029      0.193      0.033      0.269
     10.043      0.119      0.082      0.287
     10.057      0.017      0.145      0.284
     10.071     -0.146      0.235      0.232
     10.086     -0.473      0.364     -0.080
     10.100     -0.398      0.189     -0.349
     10.114     -0.265      0.079     -0.304
     10.129     -0.160      0.009     -0.242
     10.143     -0.068     -0.044     -0.178
     10.157      0.015     -0.086     -0.111
     10.171      0.097     -0.118     -0.039
     10.186      0.182     -0.143      0.042
     10.200      0.275     -0.161      0.140
     10.214      0.383     -0.169      0.270
     10.229      0.510     -0.159      0.464
     10.243      0.589     -0.066      0.741
     10.257      0.435      0.089      0.738
     10.271      0.253      0.165      0.533
     10.286      0.123      0.185      0.326
     10.300      0.043      0.176      0.157
     10.314     -0.012      0.147      0.016
     10.329     -0.045      0.104     -0.091
     10.343     -0.063      0.051     -0.178
     10.357     -0.072     -0.010     -0.246
     10.371     -0.069     -0.078     -0.294
     10.386     -0.052     -0.154     -0.318
     10.400     -0.010     -0.241     -0.304
     10.414      0.091     -0.336     -0.166
     10.429      0.248     -0.319      0.334
     10.443      0.235     -0.170      0.449
     10.457      0.212     -0.096      0.426
     10.471      0.188     -0.050      0.381
     10.486      0.162     -0.016      0.323
     10.500      0.137      0.013      0.256
     10.514      0.111      0.040      0.175
     10.529      0.082      0.069      0.080
     10.543      0.052      0.102     -0.041
     10.557      0.011      0.140     -0.208
     10.571     -0.052      0.180     -0.485
     10.586     -0.077      0.082     -0.858
     10.600     -0.054     -0.063     -0.652
     10.614     -0.035     -0.110     -0.429
     10.629     -0.019     -0.122     -0.252
     10.643     -0.002     -0.118     -0.101
     10.657      0.015     -0.106      0.033
     10.671      0.035     -0.088      0.159
     10.686      0.061     -0.068      0.282
     10.700      0.091     -0.043      0.409
     10.714      0.128     -0.011      0.533
     10.729      0.185      0.036      0.636
     10.743      0.275      0.113      0.641
     10.757      0.401      0.212      0.331
     10.771      0.449      0.210     -0.106
     10.786      0.388      0.145     -0.242
     10.800      0.312      0.085     -0.266
     10.814      0.236      0.032     -0.253
     10.829      0.159     -0.017     -0.223
     10.843      0.081     -0.061     -0.179
     10.857     -0.000     -0.099     -0.122
     10.871     -0.089     -0.132     -0.049
     10.886     -0.189     -0.160      0.055
     10.900     -0.316     -0.179      0.225
     10.914     -0.516     -0.172      0.608
     10.929     -0.436     -0.034      0.862
     10.943     -0.190      0.013      0.687
     10.957     -0.035      0.031      0.528
     10.971      0.080      0.041      0.377
     10.986      0.178      0.046      0.231
     11.000      0.265      0.048      0.082
     11.014      0.348      0.045     -0.071
     11.029      0.428      0.037     -0.233
     11.043      0.496      0.020     -0.411
     11.057      0.530     -0.017     -0.613
     11.071      0.388     -0.096     -0.766
     11.086     -0.083     -0.150     -0.564
     11.100     -0.384     -0.126     -0.257
     11.114     -0.465     -0.086     -0.036
     11.129     -0.442     -0.054      0.108
     11.143     -0.372     -0.030      0.209
     11.157     -0.270     -0.011      0.280
     11.171     -0.148      0.005      0.332
     11.186     -0.013      0.022      0.365
     11.200      0.153      0.039      0.375
     11.214      0.361      0.059      0.354
     11.229      0.639      0.082      0.283
     11.243      1.043      0.096      0.086
     11.257      1.378      0.028     -0.339
     11.271      0.935     -0.036     -0.370
     11.286      0.613     -0.048     -0.295
     11.300      0.365     -0.048     -0.218
     11.314      0.152     -0.045     -0.142
     11.329     -0.043     -0.040     -0.063
     11.343     -0.230     -0.034      0.022
     11.357     -0.413     -0.026      0.118
     11.371     -0.605     -0.016      0.239
     11.386     -0.802      0.001      0.415
     11.400     -0.917      0.052      0.756
     11.414     -0.137      0.097      0.749
     11.429      0.236      0.087      0.563
     11.429      0.236      0.087      0.563
