#   T (Gyrs)         Lx         Ly         Lz
      0.000     -7.960      1.648    -13.521
      0.014     -8.154      1.645    -13.372
      0.029     -8.347      1.640    -13.229
      0.043     -8.545      1.633    -13.092
      0.057     -8.751      1.624    -12.964
      0.071     -8.954      1.613    -12.839
      0.086     -9.161      1.599    -12.721
      0.100     -9.373      1.584    -12.606
      0.114     -9.592      1.567    -12.498
      0.129     -9.820      1.548    -12.396
      0.143    -10.052      1.528    -12.300
      0.157    -10.291      1.505    -12.205
      0.171    -10.539      1.481    -12.114
      0.186    -10.790      1.455    -12.029
      0.200    -11.047      1.427    -11.947
      0.214    -11.312      1.398    -11.873
      0.229    -11.581      1.366    -11.801
      0.243    -11.870      1.333    -11.737
      0.257    -12.159      1.299    -11.673
      0.271    -12.457      1.262    -11.613
      0.286    -12.762      1.224    -11.555
      0.300    -13.084      1.184    -11.503
      0.314    -13.416      1.142    -11.450
      0.329    -13.754      1.099    -11.399
      0.343    -14.103      1.055    -11.351
      0.357    -14.460      1.009    -11.301
      0.371    -14.832      0.962    -11.255
      0.386    -15.204      0.913    -11.199
      0.400    -15.587      0.863    -11.140
      0.414    -15.979      0.811    -11.082
      0.429    -16.365      0.759    -11.022
      0.443    -16.755      0.706    -10.960
      0.457    -17.155      0.652    -10.891
      0.471    -17.552      0.598    -10.818
      0.486    -17.947      0.543    -10.742
      0.500    -18.334      0.488    -10.659
      0.514    -18.708      0.434    -10.570
      0.529    -19.076      0.380    -10.473
      0.543    -19.427      0.328    -10.370
      0.557    -19.751      0.277    -10.257
      0.571    -20.049      0.228    -10.137
      0.586    -20.326      0.181    -10.003
      0.600    -20.570      0.137     -9.861
      0.614    -20.779      0.096     -9.711
      0.629    -20.947      0.059     -9.555
      0.643    -21.080      0.025     -9.392
      0.657    -21.180     -0.006     -9.224
      0.671    -21.243     -0.032     -9.055
      0.686    -21.266     -0.054     -8.875
      0.700    -21.248     -0.072     -8.692
      0.714    -21.181     -0.087     -8.503
      0.729    -21.088     -0.097     -8.322
      0.743    -20.962     -0.103     -8.142
      0.757    -20.806     -0.105     -7.954
      0.771    -20.627     -0.104     -7.771
      0.786    -20.422     -0.100     -7.586
      0.800    -20.191     -0.092     -7.404
      0.814    -19.941     -0.081     -7.226
      0.829    -19.676     -0.069     -7.047
      0.843    -19.392     -0.054     -6.869
      0.857    -19.094     -0.038     -6.694
      0.871    -18.783     -0.020     -6.523
      0.886    -18.459     -0.003     -6.358
      0.900    -18.125      0.014     -6.195
      0.914    -17.788      0.030     -6.037
      0.929    -17.445      0.044     -5.886
      0.943    -17.098      0.054     -5.735
      0.957    -16.751      0.060     -5.588
      0.971    -16.401      0.060     -5.437
      0.986    -16.045      0.053     -5.300
      1.000    -15.695      0.041     -5.166
      1.014    -15.347      0.023     -5.036
      1.029    -14.992     -0.002     -4.908
      1.043    -14.640     -0.032     -4.781
      1.057    -14.288     -0.068     -4.659
      1.071    -13.942     -0.108     -4.539
      1.086    -13.593     -0.153     -4.425
      1.100    -13.249     -0.203     -4.315
      1.114    -12.909     -0.256     -4.208
      1.129    -12.576     -0.313     -4.105
      1.143    -12.241     -0.372     -4.005
      1.157    -11.914     -0.435     -3.907
      1.171    -11.592     -0.501     -3.813
      1.186    -11.277     -0.569     -3.721
      1.200    -10.964     -0.640     -3.633
      1.214    -10.654     -0.712     -3.546
      1.229    -10.350     -0.785     -3.462
      1.243    -10.051     -0.860     -3.381
      1.257     -9.758     -0.937     -3.303
      1.271     -9.468     -1.014     -3.228
      1.286     -9.183     -1.093     -3.157
      1.300     -8.902     -1.171     -3.087
      1.314     -8.628     -1.251     -3.020
      1.329     -8.360     -1.331     -2.955
      1.343     -8.093     -1.410     -2.892
      1.357     -7.832     -1.489     -2.832
      1.371     -7.577     -1.568     -2.774
      1.386     -7.327     -1.647     -2.719
      1.400     -7.084     -1.726     -2.666
      1.414     -6.843     -1.805     -2.615
      1.429     -6.606     -1.883     -2.566
      1.443     -6.373     -1.961     -2.518
      1.457     -6.146     -2.039     -2.469
      1.471     -5.922     -2.114     -2.427
      1.486     -5.702     -2.188     -2.386
      1.500     -5.486     -2.263     -2.346
      1.514     -5.279     -2.336     -2.316
      1.529     -5.079     -2.406     -2.283
      1.543     -4.881     -2.473     -2.254
      1.557     -4.687     -2.539     -2.226
      1.571     -4.500     -2.604     -2.201
      1.586     -4.316     -2.666     -2.180
      1.600     -4.136     -2.727     -2.160
      1.614     -3.960     -2.786     -2.142
      1.629     -3.788     -2.843     -2.127
      1.643     -3.620     -2.897     -2.114
      1.657     -3.457     -2.949     -2.103
      1.671     -3.297     -2.998     -2.095
      1.686     -3.141     -3.044     -2.088
      1.700     -2.988     -3.087     -2.084
      1.714     -2.840     -3.128     -2.082
      1.729     -2.694     -3.167     -2.082
      1.743     -2.555     -3.202     -2.089
      1.757     -2.416     -3.234     -2.092
      1.771     -2.284     -3.259     -2.098
      1.786     -2.155     -3.282     -2.107
      1.800     -2.031     -3.299     -2.120
      1.814     -1.913     -3.313     -2.135
      1.829     -1.800     -3.321     -2.152
      1.843     -1.694     -3.323     -2.172
      1.857     -1.596     -3.321     -2.194
      1.871     -1.507     -3.311     -2.216
      1.886     -1.425     -3.300     -2.239
      1.900     -1.349     -3.283     -2.263
      1.914     -1.283     -3.260     -2.287
      1.929     -1.228     -3.233     -2.306
      1.943     -1.180     -3.202     -2.320
      1.957     -1.145     -3.172     -2.331
      1.971     -1.119     -3.128     -2.336
      1.986     -1.101     -3.080     -2.331
      2.000     -1.087     -3.031     -2.320
      2.014     -1.085     -2.977     -2.303
      2.029     -1.092     -2.923     -2.272
      2.043     -1.095     -2.865     -2.238
      2.057     -1.101     -2.808     -2.199
      2.071     -1.111     -2.748     -2.153
      2.086     -1.116     -2.688     -2.101
      2.100     -1.127     -2.631     -2.038
      2.114     -1.139     -2.563     -1.976
      2.129     -1.148     -2.490     -1.912
      2.143     -1.155     -2.412     -1.846
      2.157     -1.161     -2.330     -1.777
      2.171     -1.164     -2.244     -1.709
      2.186     -1.166     -2.152     -1.640
      2.200     -1.165     -2.056     -1.570
      2.214     -1.163     -1.954     -1.500
      2.229     -1.159     -1.847     -1.432
      2.243     -1.154     -1.735     -1.364
      2.257     -1.147     -1.619     -1.297
      2.271     -1.139     -1.500     -1.230
      2.286     -1.130     -1.379     -1.166
      2.300     -1.120     -1.259     -1.102
      2.314     -1.109     -1.140     -1.041
      2.329     -1.096     -1.024     -0.980
      2.343     -1.083     -0.912     -0.922
      2.357     -1.068     -0.805     -0.865
      2.371     -1.052     -0.704     -0.810
      2.386     -1.036     -0.609     -0.756
      2.400     -1.019     -0.520     -0.705
      2.414     -1.002     -0.438     -0.655
      2.429     -0.983     -0.361     -0.607
      2.443     -0.965     -0.289     -0.561
      2.457     -0.948     -0.223     -0.517
      2.471     -0.931     -0.163     -0.474
      2.486     -0.913     -0.108     -0.433
      2.500     -0.895     -0.058     -0.394
      2.514     -0.876     -0.012     -0.357
      2.529     -0.858      0.029     -0.322
      2.543     -0.839      0.065     -0.288
      2.557     -0.820      0.097     -0.256
      2.571     -0.801      0.125     -0.226
      2.586     -0.783      0.149     -0.197
      2.600     -0.765      0.168     -0.170
      2.614     -0.747      0.184     -0.144
      2.629     -0.729      0.196     -0.120
      2.643     -0.711      0.204     -0.097
      2.657     -0.694      0.208     -0.076
      2.671     -0.676      0.209     -0.057
      2.686     -0.657      0.206     -0.039
      2.700     -0.639      0.200     -0.022
      2.714     -0.620      0.191     -0.007
      2.729     -0.602      0.178      0.007
      2.743     -0.584      0.162      0.020
      2.757     -0.566      0.143      0.031
      2.771     -0.548      0.121      0.042
      2.786     -0.530      0.095      0.050
      2.800     -0.512      0.066      0.058
      2.814     -0.494      0.034      0.065
      2.829     -0.477     -0.002      0.070
      2.843     -0.459     -0.040      0.074
      2.857     -0.441     -0.082      0.078
      2.871     -0.423     -0.126      0.080
      2.886     -0.405     -0.174      0.081
      2.900     -0.387     -0.225      0.082
      2.914     -0.369     -0.279      0.081
      2.929     -0.352     -0.337      0.080
      2.943     -0.335     -0.397      0.078
      2.957     -0.319     -0.460      0.075
      2.971     -0.301     -0.527      0.071
      2.986     -0.284     -0.596      0.067
      3.000     -0.267     -0.668      0.062
      3.014     -0.248     -0.744      0.056
      3.029     -0.228     -0.822      0.051
      3.043     -0.212     -0.903      0.044
      3.057     -0.195     -0.987      0.037
      3.071     -0.177     -1.075      0.029
      3.086     -0.158     -1.165      0.021
      3.100     -0.141     -1.258      0.013
      3.114     -0.124     -1.355      0.005
      3.129     -0.106     -1.454     -0.004
      3.143     -0.089     -1.556     -0.013
      3.157     -0.071     -1.662     -0.021
      3.171     -0.052     -1.770     -0.030
      3.186     -0.034     -1.882     -0.038
      3.200     -0.016     -1.996     -0.047
      3.214      0.003     -2.114     -0.055
      3.229      0.024     -2.233     -0.063
      3.243      0.043     -2.356     -0.070
      3.257      0.063     -2.482     -0.077
      3.271      0.081     -2.611     -0.083
      3.286      0.101     -2.742     -0.088
      3.300      0.122     -2.877     -0.092
      3.314      0.143     -3.015     -0.095
      3.329      0.165     -3.155     -0.096
      3.343      0.186     -3.298     -0.096
      3.357      0.208     -3.442     -0.095
      3.371      0.231     -3.590     -0.092
      3.386      0.254     -3.741     -0.086
      3.400      0.278     -3.893     -0.079
      3.414      0.298     -4.040     -0.069
      3.429      0.324     -4.200     -0.056
      3.443      0.349     -4.359     -0.041
      3.457      0.376     -4.521     -0.022
      3.471      0.403     -4.683      0.000
      3.486      0.429     -4.845      0.027
      3.500      0.456     -5.009      0.057
      3.514      0.483     -5.175      0.092
      3.529      0.510     -5.340      0.132
      3.543      0.536     -5.507      0.178
      3.557      0.563     -5.673      0.229
      3.571      0.589     -5.838      0.286
      3.586      0.614     -6.002      0.350
      3.600      0.640     -6.165      0.421
      3.614      0.663     -6.325      0.500
      3.629      0.683     -6.477      0.587
      3.643      0.701     -6.619      0.684
      3.657      0.715     -6.772      0.789
      3.671      0.723     -6.932      0.906
      3.686      0.728     -7.091      1.036
      3.700      0.723     -7.259      1.181
      3.714      0.709     -7.460      1.342
      3.729      0.682     -7.707      1.525
      3.743      0.636     -8.012      1.739
      3.757      0.572     -8.405      1.994
      3.771      0.451     -8.915      2.316
      3.786      0.217     -9.576      2.783
      3.800     -0.369    -10.145      3.598
      3.814     -1.434     -7.886      4.586
      3.829     -1.695     -5.567      4.614
      3.843     -1.697     -4.167      4.601
      3.857     -1.647     -3.150      4.585
      3.871     -1.593     -2.341      4.551
      3.886     -1.532     -1.615      4.503
      3.900     -1.472     -0.999      4.434
      3.914     -1.416     -0.449      4.345
      3.929     -1.363      0.050      4.231
      3.943     -1.315      0.509      4.104
      3.957     -1.267      0.933      3.959
      3.971     -1.220      1.323      3.797
      3.986     -1.174      1.679      3.616
      4.000     -1.130      2.010      3.424
      4.014     -1.089      2.320      3.217
      4.029     -1.051      2.611      2.998
      4.043     -1.012      2.879      2.770
      4.057     -0.974      3.127      2.532
      4.071     -0.936      3.357      2.286
      4.086     -0.899      3.567      2.032
      4.100     -0.862      3.761      1.775
      4.114     -0.827      3.944      1.514
      4.129     -0.792      4.105      1.246
      4.143     -0.758      4.251      0.976
      4.157     -0.725      4.384      0.706
      4.171     -0.692      4.501      0.435
      4.186     -0.661      4.608      0.166
      4.200     -0.630      4.703     -0.098
      4.214     -0.599      4.782     -0.360
      4.229     -0.571      4.839     -0.613
      4.243     -0.542      4.890     -0.861
      4.257     -0.514      4.929     -1.101
      4.271     -0.486      4.956     -1.333
      4.286     -0.459      4.968     -1.554
      4.300     -0.433      4.971     -1.763
      4.314     -0.408      4.964     -1.964
      4.329     -0.384      4.951     -2.153
      4.343     -0.360      4.932     -2.334
      4.357     -0.337      4.900     -2.504
      4.371     -0.314      4.855     -2.657
      4.386     -0.293      4.810     -2.797
      4.400     -0.273      4.757     -2.925
      4.414     -0.254      4.699     -3.039
      4.429     -0.235      4.637     -3.139
      4.443     -0.217      4.566     -3.225
      4.457     -0.199      4.492     -3.294
      4.471     -0.182      4.410     -3.351
      4.486     -0.166      4.326     -3.395
      4.500     -0.152      4.241     -3.434
      4.514     -0.137      4.162     -3.449
      4.529     -0.124      4.076     -3.452
      4.543     -0.110      3.993     -3.437
      4.557     -0.097      3.908     -3.409
      4.571     -0.085      3.821     -3.369
      4.586     -0.073      3.734     -3.316
      4.600     -0.061      3.646     -3.251
      4.614     -0.050      3.560     -3.174
      4.629     -0.039      3.477     -3.083
      4.643     -0.028      3.399     -2.980
      4.657     -0.017      3.329     -2.863
      4.671     -0.007      3.264     -2.735
      4.686      0.003      3.197     -2.595
      4.700      0.013      3.139     -2.443
      4.714      0.022      3.099     -2.278
      4.729      0.032      3.082     -2.101
      4.743      0.042      3.084     -1.912
      4.757      0.050      3.110     -1.711
      4.771      0.058      3.172     -1.497
      4.786      0.066      3.281     -1.271
      4.800      0.073      3.421     -1.032
      4.814      0.079      3.626     -0.778
      4.829      0.083      3.885     -0.508
      4.843      0.085      4.238     -0.222
      4.857      0.083      4.691      0.080
      4.871      0.075      5.262      0.398
      4.886      0.060      5.982      0.726
      4.900      0.039      6.875      1.057
      4.914      0.003      7.890      1.364
      4.929     -0.045      8.820      1.614
      4.943     -0.098      9.499      1.791
      4.957     -0.146      9.878      1.892
      4.971     -0.187      9.972      1.936
      4.986     -0.218      9.871      1.943
      5.000     -0.238      9.658      1.930
      5.014     -0.250      9.357      1.907
      5.029     -0.257      9.000      1.875
      5.043     -0.259      8.648      1.838
      5.057     -0.257      8.292      1.799
      5.071     -0.252      7.937      1.758
      5.086     -0.245      7.584      1.714
      5.100     -0.236      7.241      1.668
      5.114     -0.226      6.917      1.622
      5.129     -0.214      6.606      1.575
      5.143     -0.202      6.308      1.530
      5.157     -0.189      6.021      1.484
      5.171     -0.175      5.752      1.441
      5.186     -0.162      5.486      1.394
      5.200     -0.147      5.235      1.351
      5.214     -0.133      4.990      1.309
      5.229     -0.119      4.757      1.266
      5.243     -0.104      4.532      1.221
      5.257     -0.090      4.316      1.177
      5.271     -0.075      4.108      1.133
      5.286     -0.060      3.908      1.091
      5.300     -0.046      3.715      1.048
      5.314     -0.031      3.529      1.002
      5.329     -0.016      3.347      0.959
      5.343     -0.002      3.172      0.917
      5.357      0.013      3.003      0.874
      5.371      0.027      2.840      0.833
      5.386      0.042      2.678      0.790
      5.400      0.056      2.519      0.748
      5.414      0.070      2.369      0.707
      5.429      0.085      2.223      0.668
      5.443      0.099      2.083      0.630
      5.457      0.113      1.947      0.592
      5.471      0.127      1.815      0.555
      5.486      0.141      1.687      0.520
      5.500      0.155      1.563      0.484
      5.514      0.169      1.443      0.449
      5.529      0.182      1.328      0.414
      5.543      0.196      1.217      0.379
      5.557      0.209      1.108      0.346
      5.571      0.222      1.004      0.312
      5.586      0.235      0.902      0.279
      5.600      0.248      0.804      0.248
      5.614      0.261      0.709      0.216
      5.629      0.273      0.617      0.186
      5.643      0.286      0.527      0.156
      5.657      0.298      0.442      0.127
      5.671      0.310      0.359      0.098
      5.686      0.322      0.279      0.071
      5.700      0.334      0.202      0.044
      5.714      0.345      0.127      0.017
      5.729      0.356      0.055     -0.010
      5.743      0.367     -0.016     -0.036
      5.757      0.378     -0.084     -0.062
      5.771      0.389     -0.150     -0.087
      5.786      0.399     -0.214     -0.111
      5.800      0.410     -0.276     -0.136
      5.814      0.419     -0.336     -0.159
      5.829      0.429     -0.394     -0.183
      5.843      0.438     -0.450     -0.206
      5.857      0.448     -0.504     -0.230
      5.871      0.456     -0.556     -0.253
      5.886      0.465     -0.606     -0.276
      5.900      0.473     -0.655     -0.299
      5.914      0.481     -0.703     -0.321
      5.929      0.488     -0.750     -0.342
      5.943      0.496     -0.795     -0.363
      5.957      0.502     -0.839     -0.384
      5.971      0.509     -0.883     -0.404
      5.986      0.515     -0.925     -0.423
      6.000      0.521     -0.966     -0.443
      6.014      0.527     -1.005     -0.462
      6.029      0.533     -1.044     -0.480
      6.043      0.538     -1.080     -0.498
      6.057      0.543     -1.117     -0.516
      6.071      0.547     -1.153     -0.533
      6.086      0.551     -1.189     -0.550
      6.100      0.555     -1.224     -0.567
      6.114      0.559     -1.260     -0.585
      6.129      0.561     -1.295     -0.602
      6.143      0.564     -1.331     -0.618
      6.157      0.566     -1.366     -0.634
      6.171      0.567     -1.402     -0.650
      6.186      0.568     -1.438     -0.665
      6.200      0.568     -1.475     -0.679
      6.214      0.568     -1.512     -0.694
      6.229      0.568     -1.550     -0.708
      6.243      0.566     -1.590     -0.721
      6.257      0.565     -1.631     -0.734
      6.271      0.563     -1.673     -0.746
      6.286      0.561     -1.716     -0.758
      6.300      0.558     -1.761     -0.770
      6.314      0.554     -1.808     -0.781
      6.329      0.550     -1.858     -0.793
      6.343      0.545     -1.911     -0.804
      6.357      0.540     -1.966     -0.814
      6.371      0.533     -2.024     -0.823
      6.386      0.527     -2.088     -0.832
      6.400      0.519     -2.154     -0.841
      6.414      0.511     -2.226     -0.850
      6.429      0.501     -2.303     -0.858
      6.443      0.491     -2.386     -0.865
      6.457      0.480     -2.476     -0.871
      6.471      0.468     -2.572     -0.876
      6.486      0.455     -2.676     -0.882
      6.500      0.442     -2.789     -0.886
      6.514      0.427     -2.912     -0.890
      6.529      0.410     -3.043     -0.893
      6.543      0.393     -3.187     -0.895
      6.557      0.374     -3.345     -0.896
      6.571      0.355     -3.518     -0.897
      6.586      0.334     -3.708     -0.897
      6.600      0.312     -3.915     -0.896
      6.614      0.289     -4.144     -0.894
      6.629      0.264     -4.393     -0.890
      6.643      0.237     -4.664     -0.885
      6.657      0.209     -4.956     -0.881
      6.671      0.180     -5.270     -0.874
      6.686      0.148     -5.604     -0.868
      6.700      0.115     -5.961     -0.860
      6.714      0.080     -6.336     -0.849
      6.729      0.043     -6.730     -0.838
      6.743      0.005     -7.142     -0.827
      6.757     -0.037     -7.574     -0.814
      6.771     -0.082     -8.031     -0.801
      6.786     -0.133     -8.506     -0.785
      6.800     -0.187     -9.005     -0.768
      6.814     -0.245     -9.530     -0.750
      6.829     -0.309    -10.086     -0.730
      6.843     -0.384    -10.678     -0.709
      6.857     -0.463    -11.312     -0.685
      6.871     -0.551    -11.991     -0.658
      6.886     -0.653    -12.721     -0.628
      6.900     -0.771    -13.511     -0.594
      6.914     -0.904    -14.371     -0.555
      6.929     -1.059    -15.302     -0.508
      6.943     -1.239    -16.302     -0.450
      6.957     -1.453    -17.370     -0.377
      6.971     -1.722    -18.491     -0.277
      6.986     -2.052    -19.514     -0.128
      7.000     -2.404    -19.996      0.092
      7.014     -2.651    -19.468      0.360
      7.029     -2.647    -18.078      0.593
      7.043     -2.472    -16.608      0.764
      7.057     -2.235    -15.373      0.894
      7.071     -1.986    -14.335      0.999
      7.086     -1.746    -13.449      1.083
      7.100     -1.521    -12.697      1.156
      7.114     -1.316    -12.054      1.220
      7.129     -1.132    -11.488      1.280
      7.143     -0.965    -10.977      1.336
      7.157     -0.814    -10.522      1.386
      7.171     -0.679    -10.111      1.431
      7.186     -0.558     -9.734      1.474
      7.200     -0.448     -9.387      1.516
      7.214     -0.348     -9.060      1.553
      7.229     -0.259     -8.755      1.588
      7.243     -0.178     -8.475      1.621
      7.257     -0.105     -8.205      1.652
      7.271     -0.040     -7.955      1.680
      7.286      0.019     -7.716      1.707
      7.300      0.072     -7.490      1.733
      7.314      0.120     -7.290      1.759
      7.329      0.162     -7.080      1.785
      7.343      0.200     -6.878      1.807
      7.357      0.234     -6.679      1.828
      7.371      0.264     -6.488      1.844
      7.386      0.290     -6.302      1.860
      7.400      0.313     -6.122      1.875
      7.414      0.333     -5.947      1.887
      7.429      0.350     -5.777      1.896
      7.443      0.363     -5.609      1.906
      7.457      0.375     -5.445      1.914
      7.471      0.384     -5.286      1.922
      7.486      0.391     -5.131      1.927
      7.500      0.396     -4.978      1.932
      7.514      0.399     -4.827      1.935
      7.529      0.400     -4.679      1.937
      7.543      0.399     -4.532      1.938
      7.557      0.397     -4.388      1.938
      7.571      0.393     -4.246      1.937
      7.586      0.388     -4.107      1.935
      7.600      0.381     -3.967      1.932
      7.614      0.373     -3.828      1.928
      7.629      0.364     -3.691      1.923
      7.643      0.354     -3.557      1.916
      7.657      0.344     -3.425      1.909
      7.671      0.332     -3.295      1.900
      7.686      0.319     -3.168      1.890
      7.700      0.306     -3.038      1.880
      7.714      0.292     -2.912      1.870
      7.729      0.277     -2.787      1.859
      7.743      0.261     -2.666      1.847
      7.757      0.245     -2.546      1.836
      7.771      0.229     -2.430      1.823
      7.786      0.212     -2.314      1.810
      7.800      0.194     -2.199      1.795
      7.814      0.177     -2.085      1.779
      7.829      0.159     -1.974      1.763
      7.843      0.141     -1.865      1.746
      7.857      0.122     -1.758      1.729
      7.871      0.103     -1.652      1.710
      7.886      0.084     -1.547      1.691
      7.900      0.065     -1.443      1.671
      7.914      0.045     -1.341      1.651
      7.929      0.026     -1.240      1.630
      7.943      0.007     -1.142      1.608
      7.957     -0.012     -1.046      1.585
      7.971     -0.031     -0.951      1.561
      7.986     -0.049     -0.858      1.537
      8.000     -0.068     -0.767      1.512
      8.014     -0.086     -0.678      1.486
      8.029     -0.104     -0.591      1.459
      8.043     -0.122     -0.506      1.432
      8.057     -0.139     -0.424      1.404
      8.071     -0.157     -0.344      1.375
      8.086     -0.173     -0.266      1.346
      8.100     -0.189     -0.191      1.316
      8.114     -0.205     -0.118      1.286
      8.129     -0.221     -0.048      1.255
      8.143     -0.236      0.021      1.223
      8.157     -0.250      0.087      1.191
      8.171     -0.263      0.150      1.158
      8.186     -0.276      0.210      1.124
      8.200     -0.289      0.267      1.090
      8.214     -0.300      0.323      1.056
      8.229     -0.311      0.375      1.024
      8.243     -0.321      0.424      0.987
      8.257     -0.330      0.469      0.950
      8.271     -0.338      0.509      0.912
      8.286     -0.345      0.546      0.874
      8.300     -0.352      0.579      0.834
      8.314     -0.357      0.607      0.794
      8.329     -0.361      0.631      0.753
      8.343     -0.365      0.650      0.711
      8.357     -0.366      0.665      0.669
      8.371     -0.367      0.675      0.626
      8.386     -0.366      0.681      0.582
      8.400     -0.365      0.681      0.538
      8.414     -0.362      0.677      0.493
      8.429     -0.357      0.669      0.447
      8.443     -0.351      0.656      0.400
      8.457     -0.343      0.640      0.353
      8.471     -0.334      0.620      0.305
      8.486     -0.323      0.599      0.257
      8.500     -0.310      0.576      0.207
      8.514     -0.295      0.552      0.157
      8.529     -0.278      0.526      0.106
      8.543     -0.260      0.500      0.054
      8.557     -0.239      0.474      0.001
      8.571     -0.216      0.447     -0.052
      8.586     -0.190      0.421     -0.107
      8.600     -0.162      0.394     -0.162
      8.614     -0.132      0.367     -0.218
      8.629     -0.099      0.340     -0.276
      8.643     -0.063      0.313     -0.335
      8.657     -0.025      0.286     -0.395
      8.671      0.017      0.259     -0.456
      8.686      0.062      0.232     -0.519
      8.700      0.111      0.206     -0.582
      8.714      0.162      0.180     -0.646
      8.729      0.218      0.155     -0.711
      8.743      0.278      0.130     -0.778
      8.757      0.341      0.106     -0.846
      8.771      0.410      0.082     -0.914
      8.786      0.482      0.059     -0.985
      8.800      0.560      0.037     -1.058
      8.814      0.643      0.015     -1.133
      8.829      0.732     -0.006     -1.210
      8.843      0.826     -0.027     -1.289
      8.857      0.927     -0.046     -1.369
      8.871      1.035     -0.066     -1.452
      8.886      1.150     -0.084     -1.538
      8.900      1.273     -0.101     -1.625
      8.914      1.405     -0.118     -1.715
      8.929      1.546     -0.135     -1.808
      8.943      1.698     -0.150     -1.908
      8.957      1.859     -0.164     -2.010
      8.971      2.035     -0.178     -2.114
      8.986      2.224     -0.191     -2.223
      9.000      2.429     -0.203     -2.333
      9.014      2.650     -0.214     -2.452
      9.029      2.891     -0.225     -2.576
      9.043      3.153     -0.234     -2.708
      9.057      3.438     -0.243     -2.849
      9.071      3.750     -0.250     -3.001
      9.086      4.094     -0.256     -3.159
      9.100      4.472     -0.261     -3.325
      9.114      4.895     -0.265     -3.506
      9.129      5.373     -0.268     -3.711
      9.143      5.924     -0.270     -3.935
      9.157      6.567     -0.270     -4.191
      9.171      7.330     -0.269     -4.515
      9.186      8.285     -0.265     -4.936
      9.200      9.584     -0.254     -5.586
      9.214     11.517     -0.216     -6.748
      9.229     12.298     -0.055     -7.568
      9.243     11.094      0.014     -6.520
      9.257     10.369      0.030     -5.612
      9.271      9.901      0.034     -4.901
      9.286      9.547      0.032     -4.327
      9.300      9.262      0.028     -3.848
      9.314      9.021      0.022     -3.438
      9.329      8.810      0.015     -3.080
      9.343      8.622      0.007     -2.766
      9.357      8.446     -0.002     -2.487
      9.371      8.283     -0.010     -2.237
      9.386      8.133     -0.020     -2.013
      9.400      7.991     -0.030     -1.810
      9.414      7.858     -0.040     -1.627
      9.429      7.727     -0.050     -1.461
      9.443      7.600     -0.061     -1.309
      9.457      7.482     -0.072     -1.170
      9.471      7.359     -0.083     -1.044
      9.486      7.237     -0.094     -0.927
      9.500      7.122     -0.106     -0.821
      9.514      7.010     -0.118     -0.723
      9.529      6.898     -0.130     -0.634
      9.543      6.788     -0.142     -0.552
      9.557      6.680     -0.154     -0.476
      9.571      6.577     -0.167     -0.407
      9.586      6.468     -0.179     -0.343
      9.600      6.364     -0.192     -0.285
      9.614      6.257     -0.205     -0.232
      9.629      6.155     -0.217     -0.184
      9.643      6.055     -0.230     -0.140
      9.657      5.955     -0.243     -0.100
      9.671      5.851     -0.256     -0.064
      9.686      5.747     -0.269     -0.031
      9.700      5.645     -0.282     -0.002
      9.714      5.541     -0.295      0.024
      9.729      5.438     -0.308      0.048
      9.743      5.336     -0.321      0.068
      9.757      5.233     -0.334      0.087
      9.771      5.129     -0.347      0.102
      9.786      5.024     -0.360      0.116
      9.800      4.921     -0.373      0.127
      9.814      4.817     -0.386      0.137
      9.829      4.713     -0.399      0.144
      9.843      4.609     -0.412      0.150
      9.857      4.505     -0.424      0.154
      9.871      4.401     -0.437      0.157
      9.886      4.297     -0.449      0.158
      9.900      4.194     -0.462      0.158
      9.914      4.089     -0.474      0.157
      9.929      3.984     -0.486      0.154
      9.943      3.879     -0.498      0.151
      9.957      3.774     -0.510      0.146
      9.971      3.668     -0.521      0.141
      9.986      3.561     -0.532      0.134
     10.000      3.455     -0.543      0.127
     10.014      3.347     -0.554      0.119
     10.029      3.240     -0.564      0.111
     10.043      3.134     -0.574      0.102
     10.057      3.026     -0.584      0.092
     10.071      2.918     -0.593      0.082
     10.086      2.809     -0.602      0.072
     10.100      2.699     -0.611      0.061
     10.114      2.590     -0.620      0.050
     10.129      2.480     -0.628      0.039
     10.143      2.371     -0.636      0.028
     10.157      2.261     -0.643      0.016
     10.171      2.152     -0.650      0.005
     10.186      2.042     -0.656     -0.007
     10.200      1.932     -0.662     -0.018
     10.214      1.822     -0.668     -0.030
     10.229      1.712     -0.673     -0.041
     10.243      1.601     -0.677     -0.052
     10.257      1.492     -0.681     -0.063
     10.271      1.382     -0.685     -0.073
     10.286      1.271     -0.689     -0.083
     10.300      1.161     -0.691     -0.093
     10.314      1.050     -0.692     -0.102
     10.329      0.939     -0.693     -0.110
     10.343      0.827     -0.693     -0.118
     10.357      0.714     -0.691     -0.125
     10.371      0.602     -0.688     -0.132
     10.386      0.491     -0.684     -0.137
     10.400      0.389     -0.679     -0.142
     10.414      0.278     -0.669     -0.147
     10.429      0.163     -0.661     -0.150
     10.443      0.048     -0.651     -0.152
     10.457     -0.067     -0.638     -0.153
     10.471     -0.182     -0.624     -0.153
     10.486     -0.297     -0.607     -0.151
     10.500     -0.412     -0.588     -0.149
     10.514     -0.527     -0.566     -0.145
     10.529     -0.643     -0.542     -0.140
     10.543     -0.759     -0.516     -0.133
     10.557     -0.874     -0.487     -0.125
     10.571     -0.989     -0.457     -0.115
     10.586     -1.105     -0.427     -0.103
     10.600     -1.222     -0.396     -0.090
     10.614     -1.339     -0.365     -0.075
     10.629     -1.457     -0.334     -0.058
     10.643     -1.577     -0.304     -0.039
     10.657     -1.696     -0.274     -0.018
     10.671     -1.817     -0.245      0.005
     10.686     -1.937     -0.218      0.031
     10.700     -2.058     -0.191      0.059
     10.714     -2.178     -0.165      0.089
     10.729     -2.299     -0.140      0.123
     10.743     -2.421     -0.117      0.159
     10.757     -2.543     -0.094      0.197
     10.771     -2.666     -0.073      0.239
     10.786     -2.791     -0.053      0.285
     10.800     -2.914     -0.035      0.333
     10.814     -3.039     -0.017      0.385
     10.829     -3.165     -0.002      0.440
     10.843     -3.291      0.013      0.500
     10.857     -3.417      0.026      0.563
     10.871     -3.544      0.038      0.631
     10.886     -3.669      0.048      0.703
     10.900     -3.783      0.057      0.779
     10.914     -3.911      0.064      0.861
     10.929     -4.042      0.070      0.948
     10.943     -4.176      0.073      1.040
     10.957     -4.310      0.075      1.139
     10.971     -4.447      0.076      1.243
     10.986     -4.575      0.075      1.353
     11.000     -4.714      0.071      1.472
     11.014     -4.853      0.065      1.597
     11.029     -4.995      0.057      1.731
     11.043     -5.138      0.046      1.872
     11.057     -5.284      0.033      2.023
     11.071     -5.433      0.016      2.184
     11.086     -5.586     -0.003      2.356
     11.100     -5.742     -0.026      2.540
     11.114     -5.899     -0.054      2.736
     11.129     -6.062     -0.086      2.946
     11.143     -6.229     -0.123      3.173
     11.157     -6.410     -0.165      3.412
     11.171     -6.586     -0.213      3.674
     11.186     -6.768     -0.268      3.955
     11.200     -6.958     -0.329      4.260
     11.214     -7.155     -0.402      4.591
     11.229     -7.359     -0.486      4.949
     11.243     -7.571     -0.587      5.344
     11.257     -7.788     -0.703      5.777
     11.271     -8.021     -0.838      6.253
     11.286     -8.270     -1.000      6.779
     11.300     -8.530     -1.198      7.361
     11.314     -8.811     -1.438      8.013
     11.329     -9.097     -1.748      8.754
     11.343     -9.370     -2.168      9.581
     11.357     -9.573     -2.748     10.541
     11.371     -9.571     -3.615     11.573
     11.386     -8.995     -4.875     12.389
     11.400     -7.404     -6.136     12.386
     11.414     -5.536     -6.779     11.723
     11.429     -4.120     -6.945     10.977
     11.429     -4.121     -6.944     10.978
