#   T (Gyrs)         Lx         Ly         Lz
      0.000   -134.165    -38.835   -107.473
      0.014   -142.138    -40.961   -112.749
      0.029   -149.447    -39.477   -120.184
      0.043   -149.737    -35.063   -127.530
      0.057   -156.711    -49.191   -133.011
      0.071   -159.412    -48.293   -138.984
      0.086   -163.504    -46.225   -146.087
      0.100   -167.592    -57.589   -151.558
      0.114   -175.897    -64.765   -156.609
      0.129   -181.194    -71.625   -163.366
      0.143   -181.672    -80.153   -169.292
      0.157   -196.380    -85.932   -177.454
      0.171   -201.155    -86.862   -183.136
      0.186   -203.465    -86.399   -189.205
      0.200   -213.491    -83.877   -192.854
      0.214   -221.803    -82.108   -200.832
      0.229   -224.191    -85.368   -206.940
      0.243   -227.835    -87.244   -215.026
      0.257   -233.345    -86.624   -222.513
      0.271   -240.131   -101.959   -228.856
      0.286   -246.703   -102.411   -236.063
      0.300   -246.354    -98.710   -243.636
      0.314   -264.055   -113.358   -251.718
      0.329   -266.317   -122.773   -259.248
      0.343   -269.743   -121.252   -264.811
      0.357   -271.101   -126.399   -273.512
      0.371   -269.803   -143.472   -280.855
      0.386   -271.806   -161.367   -288.854
      0.400   -280.734   -182.768   -297.723
      0.414   -287.457   -197.366   -305.565
      0.429   -304.770   -206.879   -311.623
      0.443   -311.059   -200.962   -319.137
      0.457   -320.858   -200.803   -327.643
      0.471   -330.241   -206.459   -335.949
      0.486   -336.206   -195.026   -343.029
      0.500   -344.273   -194.979   -352.171
      0.514   -348.733   -191.930   -358.711
      0.529   -351.904   -191.031   -364.617
      0.543   -361.684   -186.545   -371.250
      0.557   -367.047   -179.215   -378.811
      0.571   -366.634   -178.209   -386.547
      0.586   -369.597   -177.163   -393.187
      0.600   -376.548   -169.942   -398.599
      0.614   -384.480   -183.096   -405.576
      0.629   -392.322   -174.236   -410.769
      0.643   -394.572   -174.634   -416.395
      0.657   -409.810   -179.945   -421.350
      0.671   -415.560   -175.386   -427.940
      0.686   -423.721   -187.438   -435.713
      0.700   -430.717   -189.160   -446.113
      0.714   -438.654   -198.685   -453.985
      0.729   -442.580   -193.377   -463.993
      0.743   -449.219   -215.311   -471.127
      0.757   -459.220   -231.774   -482.379
      0.771   -468.100   -237.487   -495.262
      0.786   -476.959   -240.314   -504.341
      0.800   -486.399   -245.712   -512.994
      0.814   -496.647   -238.071   -521.945
      0.829   -502.229   -234.560   -532.593
      0.843   -506.238   -223.228   -542.054
      0.857   -502.658   -230.212   -548.967
      0.871   -504.811   -243.828   -556.614
      0.886   -507.066   -252.970   -567.227
      0.900   -515.705   -255.610   -575.994
      0.914   -522.402   -265.060   -587.373
      0.929   -528.084   -263.999   -599.916
      0.943   -535.310   -272.770   -610.520
      0.957   -546.137   -273.711   -622.065
      0.971   -561.020   -273.491   -633.674
      0.986   -575.266   -282.547   -644.672
      1.000   -593.508   -284.366   -654.474
      1.014   -598.246   -273.783   -665.432
      1.029   -605.122   -271.942   -674.641
      1.043   -608.325   -276.075   -684.078
      1.057   -609.596   -270.671   -693.627
      1.071   -617.218   -281.964   -704.223
      1.086   -618.343   -287.029   -713.295
      1.100   -624.974   -296.392   -721.750
      1.114   -629.524   -304.910   -730.892
      1.129   -631.400   -315.962   -740.847
      1.143   -633.823   -325.028   -749.184
      1.157   -637.470   -335.355   -756.895
      1.171   -644.813   -330.281   -766.182
      1.186   -650.611   -327.953   -775.189
      1.200   -657.199   -322.281   -784.362
      1.214   -657.266   -324.701   -793.520
      1.229   -650.297   -316.664   -803.372
      1.243   -654.071   -322.510   -813.032
      1.257   -661.096   -325.663   -821.610
      1.271   -660.432   -336.849   -829.121
      1.286   -663.347   -339.355   -835.258
      1.300   -668.705   -354.364   -841.254
      1.314   -680.019   -352.611   -847.498
      1.329   -685.121   -367.723   -853.088
      1.343   -695.371   -366.745   -859.808
      1.357   -704.357   -369.230   -866.857
      1.371   -709.126   -362.610   -873.776
      1.386   -720.886   -356.403   -880.381
      1.400   -729.874   -352.190   -887.213
      1.414   -738.420   -354.281   -893.524
      1.429   -736.674   -345.755   -900.360
      1.443   -749.234   -358.952   -907.738
      1.457   -749.809   -360.090   -913.540
      1.471   -760.463   -374.904   -922.343
      1.486   -766.111   -387.395   -929.527
      1.500   -774.623   -390.511   -938.366
      1.514   -784.945   -390.541   -946.700
      1.529   -795.782   -397.120   -956.444
      1.543   -802.447   -398.897   -964.935
      1.557   -806.833   -410.630   -974.637
      1.571   -822.378   -419.045   -980.562
      1.586   -834.510   -412.504   -990.615
      1.600   -838.663   -415.205  -1002.568
      1.614   -846.894   -426.958  -1013.614
      1.629   -859.850   -428.896  -1022.527
      1.643   -867.485   -429.753  -1031.409
      1.657   -878.955   -433.945  -1040.361
      1.671   -886.736   -435.125  -1048.968
      1.686   -895.308   -438.991  -1058.828
      1.700   -904.314   -440.849  -1066.247
      1.714   -914.863   -444.589  -1074.981
      1.729   -923.813   -445.001  -1080.624
      1.743   -934.282   -439.637  -1088.077
      1.757   -944.913   -437.132  -1091.624
      1.771   -947.527   -444.459  -1095.783
      1.786   -952.228   -449.957  -1099.520
      1.800   -956.642   -453.732  -1106.607
      1.814   -963.749   -455.188  -1112.387
      1.829   -972.091   -454.493  -1116.813
      1.843   -971.879   -465.968  -1123.549
      1.857   -981.166   -474.147  -1130.515
      1.871   -989.155   -472.597  -1141.243
      1.886   -997.061   -471.077  -1146.096
      1.900   -998.416   -486.383  -1155.147
      1.914  -1007.934   -488.114  -1166.674
      1.929  -1014.557   -489.065  -1169.078
      1.943  -1016.936   -489.952  -1177.873
      1.957  -1022.112   -505.635  -1186.014
      1.971  -1033.435   -512.554  -1193.693
      1.986  -1038.362   -515.102  -1199.715
      2.000  -1052.672   -518.899  -1213.032
      2.014  -1052.579   -524.853  -1225.118
      2.029  -1058.375   -532.610  -1232.612
      2.043  -1072.727   -547.409  -1244.021
      2.057  -1084.934   -546.312  -1249.642
      2.071  -1099.821   -555.836  -1261.041
      2.086  -1113.242   -554.750  -1264.781
      2.100  -1134.184   -554.757  -1270.311
      2.114  -1148.986   -547.922  -1277.745
      2.129  -1152.240   -554.537  -1288.337
      2.143  -1175.180   -557.779  -1297.662
      2.157  -1182.405   -562.685  -1305.208
      2.171  -1203.930   -564.166  -1313.007
      2.186  -1203.952   -563.590  -1319.710
      2.200  -1216.487   -567.034  -1326.190
      2.214  -1223.391   -568.504  -1335.465
      2.229  -1231.419   -569.234  -1342.424
      2.243  -1235.039   -572.814  -1353.809
      2.257  -1234.629   -575.830  -1364.502
      2.271  -1239.323   -581.712  -1374.346
      2.286  -1244.255   -584.509  -1383.749
      2.300  -1248.340   -589.011  -1396.458
      2.314  -1257.051   -591.066  -1412.663
      2.329  -1272.153   -592.497  -1429.427
      2.343  -1277.095   -593.812  -1438.325
      2.357  -1283.337   -594.512  -1441.564
      2.371  -1284.898   -594.367  -1454.604
      2.386  -1287.574   -593.996  -1466.318
      2.400  -1299.466   -593.889  -1471.728
      2.414  -1292.387   -593.735  -1476.373
      2.429  -1300.434   -593.310  -1486.909
      2.443  -1293.534   -593.147  -1488.965
      2.457  -1306.137   -593.437  -1505.371
      2.471  -1321.285   -591.436  -1517.449
      2.486  -1329.266   -588.521  -1524.872
      2.500  -1335.085   -583.647  -1533.145
      2.514  -1350.066   -579.091  -1538.703
      2.529  -1371.962   -572.167  -1547.838
      2.543  -1377.580   -567.012  -1553.151
      2.557  -1388.198   -562.347  -1572.528
      2.571  -1383.055   -558.997  -1578.677
      2.586  -1387.603   -553.990  -1593.229
      2.600  -1402.114   -548.677  -1607.202
      2.614  -1417.327   -544.197  -1617.856
      2.629  -1413.041   -541.198  -1634.929
      2.643  -1415.126   -532.945  -1640.122
      2.657  -1422.234   -528.439  -1645.844
      2.671  -1435.929   -522.950  -1654.093
      2.686  -1443.866   -518.158  -1665.500
      2.700  -1449.656   -516.374  -1667.660
      2.714  -1454.235   -517.308  -1680.821
      2.729  -1459.982   -509.883  -1680.607
      2.743  -1465.643   -507.983  -1690.800
      2.757  -1464.587   -511.850  -1699.145
      2.771  -1479.119   -504.568  -1698.439
      2.786  -1490.894   -499.606  -1711.073
      2.800  -1496.030   -500.425  -1716.515
      2.814  -1496.844   -493.156  -1727.382
      2.829  -1507.220   -483.414  -1731.741
      2.843  -1535.747   -471.403  -1748.817
      2.857  -1549.973   -471.115  -1759.041
      2.871  -1565.910   -469.149  -1767.568
      2.886  -1568.176   -458.121  -1769.992
      2.900  -1572.276   -448.238  -1776.831
      2.914  -1592.232   -440.092  -1778.594
      2.929  -1604.211   -425.350  -1781.025
      2.943  -1619.787   -416.842  -1783.893
      2.957  -1635.048   -398.620  -1789.792
      2.971  -1642.026   -388.954  -1812.623
      2.986  -1647.079   -382.820  -1817.596
      3.000  -1640.787   -376.621  -1830.149
      3.014  -1671.883   -365.620  -1846.595
      3.029  -1680.204   -356.268  -1855.724
      3.043  -1697.070   -318.178  -1869.722
      3.057  -1723.651   -320.748  -1884.353
      3.071  -1737.607   -304.591  -1904.058
      3.086  -1724.535   -298.733  -1924.132
      3.100  -1737.999   -286.186  -1927.385
      3.114  -1752.129   -284.943  -1928.763
      3.129  -1759.176   -280.587  -1938.706
      3.143  -1767.669   -259.312  -1957.144
      3.157  -1782.370   -272.630  -1959.972
      3.171  -1772.173   -272.482  -1974.756
      3.186  -1777.558   -252.600  -1985.571
      3.200  -1788.149   -221.246  -2000.356
      3.214  -1801.716   -211.433  -2014.894
      3.229  -1802.442   -201.483  -2022.913
      3.243  -1822.692   -193.175  -2052.511
      3.257  -1820.993   -146.772  -2057.037
      3.271  -1845.572   -132.767  -2066.543
      3.286  -1857.236   -124.546  -2079.597
      3.300  -1885.233    -87.346  -2076.144
      3.314  -1888.853    -86.000  -2090.650
      3.329  -1891.850    -76.778  -2093.920
      3.343  -1889.203    -32.526  -2098.979
      3.357  -1895.742     13.789  -2117.447
      3.371  -1913.224     57.748  -2115.162
      3.386  -1927.028    108.496  -2137.932
      3.400  -1927.262    150.637  -2134.582
      3.414  -1949.491    195.334  -2160.723
      3.429  -1968.537    254.921  -2164.780
      3.443  -1996.231    319.087  -2195.991
      3.457  -2002.584    375.420  -2202.397
      3.471  -2041.138    439.168  -2227.746
      3.486  -2069.285    514.639  -2228.513
      3.500  -2101.571    592.726  -2244.442
      3.514  -2113.667    618.029  -2283.803
      3.529  -2130.160    646.079  -2277.675
      3.543  -2149.261    723.949  -2280.084
      3.557  -2164.246    792.866  -2302.668
      3.571  -2155.395    881.915  -2330.163
      3.586  -2185.969    989.628  -2345.649
      3.600  -2204.990   1092.798  -2370.694
      3.614  -2218.570   1213.045  -2381.697
      3.629  -2240.577   1334.278  -2395.522
      3.643  -2265.215   1451.780  -2406.050
      3.657  -2308.468   1579.797  -2437.331
      3.671  -2355.178   1731.710  -2451.438
      3.686  -2336.004   1883.071  -2506.337
      3.700  -2364.699   2056.882  -2537.998
      3.714  -2385.185   2240.513  -2576.662
      3.729  -2394.039   2399.693  -2613.892
      3.743  -2398.219   2574.919  -2660.362
      3.757  -2428.506   2770.248  -2707.488
      3.771  -2433.141   3010.586  -2732.153
      3.786  -2475.163   3279.761  -2784.732
      3.800  -2519.929   3524.896  -2843.163
      3.814  -2519.929   3853.818  -2897.140
      3.829  -2580.674   4190.458  -2960.988
      3.843  -2624.976   4624.315  -3033.663
      3.857  -2697.287   5028.581  -3095.224
      3.871  -2751.692   5549.059  -3166.617
      3.886  -2871.262   6095.769  -3261.843
      3.900  -2980.546   6649.121  -3347.186
      3.914  -3139.664   7123.591  -3445.582
      3.929  -3261.837   7664.553  -3534.482
      3.943  -3440.107   8024.841  -3613.990
      3.957  -3638.641   8239.413  -3650.673
      3.971  -3834.820   8256.862  -3637.076
      3.986  -3982.380   8107.188  -3562.298
      4.000  -4061.556   7746.312  -3420.149
      4.014  -4098.122   7180.609  -3226.853
      4.029  -4102.198   6563.252  -2988.464
      4.043  -4018.854   5930.144  -2733.369
      4.057  -3934.582   5315.655  -2472.067
      4.071  -3830.638   4731.471  -2213.262
      4.086  -3698.821   3971.266  -1976.341
      4.100  -3530.991   3304.784  -1750.024
      4.114  -3388.935   2701.031  -1568.397
      4.129  -3242.512   2166.878  -1411.187
      4.143  -3099.312   1584.057  -1258.661
      4.157  -2970.181   1169.685  -1153.047
      4.171  -2853.400    691.494  -1063.984
      4.186  -2741.900    346.215   -991.865
      4.200  -2633.664     58.459   -924.158
      4.214  -2533.888   -265.891   -888.668
      4.229  -2444.766   -644.219   -827.788
      4.243  -2362.299   -837.087   -804.422
      4.257  -2269.048   -984.581   -775.036
      4.271  -2190.891  -1224.964   -735.932
      4.286  -2114.511  -1333.423   -747.156
      4.300  -2023.249  -1461.038   -750.746
      4.314  -1959.688  -1713.082   -736.124
      4.329  -1900.499  -1782.495   -739.062
      4.343  -1828.706  -1933.934   -748.618
      4.357  -1760.935  -2096.518   -676.767
      4.371  -1694.794  -2292.507   -695.856
      4.386  -1643.420  -2361.014   -667.327
      4.400  -1578.395  -2451.872   -674.494
      4.414  -1513.724  -2538.430   -696.720
      4.429  -1461.529  -2595.822   -620.807
      4.443  -1408.008  -2580.946   -629.606
      4.457  -1353.432  -2604.798   -626.126
      4.471  -1274.008  -2759.997   -643.491
      4.486  -1245.221  -2757.240   -619.238
      4.500  -1168.661  -2859.309   -637.135
      4.514  -1099.948  -3000.781   -578.389
      4.529  -1065.456  -3029.917   -505.038
      4.543  -1035.698  -3096.463   -514.179
      4.557   -981.311  -3108.380   -447.985
      4.571   -959.899  -3164.103   -450.590
      4.586   -931.416  -3162.457   -432.631
      4.600   -904.588  -3091.640   -373.927
      4.614   -871.235  -3018.132   -368.467
      4.629   -818.524  -3055.749   -348.949
      4.643   -789.298  -3040.217   -365.142
      4.657   -764.279  -2932.882   -355.884
      4.671   -687.503  -2973.669   -312.630
      4.686   -657.304  -2932.131   -278.199
      4.700   -640.913  -2947.809   -307.836
      4.714   -557.989  -2889.283   -281.010
      4.729   -526.483  -2894.072   -229.858
      4.743   -509.835  -2871.813   -256.984
      4.757   -469.452  -2893.909   -231.945
      4.771   -429.469  -2832.832   -235.430
      4.786   -367.169  -2802.466   -206.199
      4.800   -342.842  -2742.446   -179.899
      4.814   -291.525  -2696.988   -183.576
      4.829   -222.309  -2632.710   -144.543
      4.843   -230.838  -2621.161    -96.464
      4.857   -186.549  -2578.829    -64.889
      4.871   -183.467  -2470.530    -36.172
      4.886   -132.362  -2385.145    -28.931
      4.900   -111.487  -2433.580     10.919
      4.914    -89.065  -2356.720     13.468
      4.929    -68.554  -2230.706     45.350
      4.943    -66.184  -2240.742     68.620
      4.957    -60.484  -2179.652     14.615
      4.971    -25.037  -2128.078      3.557
      4.986    -26.621  -2018.514     36.759
      5.000     36.255  -1881.759     51.421
      5.014     54.977  -1848.152     70.850
      5.029     89.817  -1787.062     36.310
      5.043     70.496  -1681.927     53.894
      5.057    103.123  -1579.996     51.075
      5.071    135.578  -1480.383     72.860
      5.086    166.702  -1378.198     46.088
      5.100    175.106  -1283.258     18.358
      5.114    266.244  -1168.992      7.850
      5.129    278.562  -1043.585     15.646
      5.143    268.290   -914.677     -3.186
      5.157    296.889   -793.748    -33.378
      5.171    306.236   -678.778    -60.108
      5.186    324.636   -568.145    -44.452
      5.200    314.415   -412.178    -93.412
      5.214    351.474   -269.611   -126.860
      5.229    362.264   -126.764   -153.102
      5.243    396.683      5.557   -163.184
      5.257    439.557    176.582   -190.364
      5.271    456.965    313.943   -186.229
      5.286    498.389    479.039   -175.176
      5.300    549.501    607.309   -108.609
      5.314    626.553    735.884    -39.201
      5.329    637.027    849.859     -4.450
      5.343    687.217    964.607     49.665
      5.357    767.353   1090.973     79.430
      5.371    793.195   1194.800    158.042
      5.386    795.664   1303.849    224.947
      5.400    824.171   1424.115    273.158
      5.414    833.654   1548.379    346.697
      5.429    907.901   1676.813    412.295
      5.443    913.448   1813.583    473.842
      5.457    952.086   1956.857    537.279
      5.471    962.351   2107.491    604.617
      5.486   1008.679   2274.297    663.225
      5.500   1022.207   2457.343    725.445
      5.514   1053.465   2644.914    789.491
      5.529   1067.536   2846.293    843.709
      5.543   1078.452   3053.039    899.183
      5.557   1077.510   3270.927    950.960
      5.571   1077.697   3500.038   1007.303
      5.586   1093.074   3783.861   1052.283
      5.600   1097.711   4047.996   1104.261
      5.614   1046.419   4354.482   1134.643
      5.629   1037.104   4670.637   1182.546
      5.643   1006.790   4999.875   1232.858
      5.657    955.038   5349.358   1280.364
      5.671    975.069   5735.868   1325.257
      5.686    929.809   6181.553   1374.340
      5.700    917.331   6617.724   1428.033
      5.714    842.537   7143.237   1482.303
      5.729    834.008   7677.684   1538.884
      5.743    762.615   8375.246   1600.333
      5.757    685.841   9081.001   1666.650
      5.771    631.983   9939.926   1741.758
      5.786    546.289  10941.217   1833.408
      5.800    406.720  12187.637   1936.974
      5.814    187.751  13711.752   2085.412
      5.829   -115.573  15661.992   2300.306
      5.843   -675.663  17642.243   2638.937
      5.857  -1227.837  14554.593   2688.503
      5.871   -628.480  10828.135   2495.409
      5.886     47.209   8815.177   2357.287
      5.900    554.448   7597.116   2268.985
      5.914    921.535   6623.418   2290.836
      5.929   1214.130   5715.601   2304.879
      5.943   1433.418   5093.771   2245.795
      5.957   1573.087   4688.238   2180.153
      5.971   1659.836   4394.517   2107.846
      5.986   1708.611   4144.519   2032.094
      6.000   1736.578   3653.971   2004.917
      6.014   1757.549   3397.869   1927.740
      6.029   1777.674   2969.948   1904.269
      6.043   1802.233   2621.475   1862.051
      6.057   1824.943   2164.299   1858.999
      6.071   1856.773   1788.033   1818.512
      6.086   1900.156   1353.023   1788.702
      6.100   1957.394    855.805   1772.378
      6.114   2029.255    284.107   1776.117
      6.129   2117.981   -166.231   1741.663
      6.143   2227.365   -661.817   1719.924
      6.157   2358.001  -1350.499   1716.707
      6.171   2516.339  -2067.584   1678.179
      6.186   2727.797  -2826.747   1654.534
      6.200   2982.108  -3912.518   1618.240
      6.214   3333.596  -5735.119   1526.354
      6.229   3890.714 -10105.110   1314.357
      6.243   3706.401  -2699.812   2031.457
      6.257   3086.542    936.210   2283.947
      6.271   2685.058   2878.308   2372.832
      6.286   2326.904   4411.023   2423.711
      6.300   1910.157   6114.768   2575.660
      6.314   2164.919   7397.665   2740.439
      6.329   2486.752   4051.774   2353.234
      6.343   2480.956   4686.938   2493.380
      6.357   2444.899   4992.914   2566.070
      6.371   2390.617   4818.382   2618.215
      6.386   2408.193   4823.503   2659.916
      6.400   2452.622   4592.029   2663.969
      6.414   2485.549   4435.526   2680.460
      6.429   2559.254   3836.764   2635.882
      6.443   2593.355   3411.271   2618.248
      6.457   2590.996   3153.840   2607.446
      6.471   2606.234   3264.911   2636.952
      6.486   2576.678   3288.156   2652.046
      6.500   2584.101   3394.350   2662.242
      6.514   2565.708   3505.464   2679.735
      6.529   2591.319   3772.890   2702.428
      6.543   2559.223   3941.097   2719.255
      6.557   2635.177   3943.890   2705.711
      6.571   2667.073   3971.588   2701.367
      6.586   2680.519   4073.720   2710.992
      6.600   2644.340   4139.363   2722.033
      6.614   2648.208   3836.301   2700.207
      6.629   2646.659   3755.021   2682.096
      6.643   2684.776   3642.120   2666.656
      6.657   2678.353   3695.199   2673.646
      6.671   2620.846   3816.814   2715.023
      6.686   2729.184   3652.931   2687.224
      6.700   2761.169   3721.420   2692.735
      6.714   2683.244   3839.225   2711.249
      6.729   2695.547   3830.851   2704.154
      6.743   2658.972   3958.371   2722.499
      6.757   2612.169   4013.629   2737.691
      6.771   2757.398   3945.312   2710.147
      6.786   2759.960   3935.778   2717.698
      6.800   2753.952   4218.842   2749.692
      6.814   2774.396   4185.201   2749.398
      6.829   2774.750   4227.368   2760.701
      6.843   2826.506   4208.266   2756.618
      6.857   2818.966   4098.638   2775.715
      6.871   2808.572   4203.896   2790.729
      6.886   2827.273   4208.753   2800.542
      6.900   2821.272   4194.240   2821.229
      6.914   2800.876   4292.239   2838.987
      6.929   2848.092   4090.209   2839.423
      6.943   2888.826   4057.628   2837.592
      6.957   2837.539   4123.904   2867.438
      6.971   2829.448   4068.953   2884.372
      6.986   2813.813   4004.252   2876.486
      7.000   2809.370   3959.062   2885.010
      7.014   2817.727   3903.292   2882.225
      7.029   2795.655   3968.580   2892.968
      7.043   2808.343   3940.274   2916.338
      7.057   2811.967   3935.827   2915.760
      7.071   2872.554   3858.580   2901.236
      7.086   2819.809   3720.139   2918.390
      7.100   2798.196   3767.068   2937.751
      7.114   2800.698   3608.991   2944.636
      7.129   2815.104   3661.238   2944.610
      7.143   2789.757   3819.288   2957.009
      7.157   2793.326   3937.126   2972.754
      7.171   2814.905   3882.756   2982.480
      7.186   2773.465   3853.661   2998.015
      7.200   2807.011   3861.491   3010.686
      7.214   2855.313   3913.520   3007.752
      7.229   2838.451   3835.780   3013.604
      7.243   2852.736   3959.314   3023.074
      7.257   2830.760   4071.452   3025.888
      7.271   2856.693   3919.330   3022.539
      7.286   2865.176   3965.495   3018.031
      7.300   2855.800   3898.689   3026.694
      7.314   2852.142   3929.639   3033.407
      7.329   2897.815   3927.347   3033.937
      7.343   2853.120   4003.022   3040.007
      7.357   2892.437   4048.992   3037.087
      7.371   2907.797   4063.270   3019.326
      7.386   2876.410   3955.169   3014.033
      7.400   2892.639   3902.734   3023.454
      7.414   2865.882   3949.821   3039.722
      7.429   2840.864   3961.532   3038.197
      7.443   2813.295   3985.716   3050.813
      7.457   2821.879   4045.105   3054.443
      7.471   2858.410   3996.520   3044.422
      7.486   2876.340   3936.177   3040.024
      7.500   2845.274   3908.810   3042.577
      7.514   2904.170   4005.554   3050.020
      7.529   2926.088   4127.496   3055.656
      7.543   2931.969   4318.471   3056.122
      7.557   2925.449   4238.361   3052.067
      7.571   2882.355   4226.719   3053.384
      7.586   2904.232   4245.991   3060.818
      7.600   2887.221   4355.217   3059.010
      7.614   2871.378   4336.593   3054.275
      7.629   2952.982   4085.803   3040.923
      7.643   2944.183   4125.519   3039.512
      7.657   2930.806   4012.518   3042.354
      7.671   2906.667   3952.587   3040.463
      7.686   2907.435   3841.443   3048.064
      7.700   2900.526   3825.872   3051.561
      7.714   2896.923   3769.669   3059.568
      7.729   2886.034   3665.597   3060.991
      7.743   2889.766   3744.035   3059.275
      7.757   2873.138   3872.153   3072.188
      7.771   2889.292   3874.496   3075.432
      7.786   2875.669   3774.306   3070.702
      7.800   2870.002   3865.110   3078.114
      7.814   2875.036   3949.992   3079.397
      7.829   2911.599   3899.889   3074.423
      7.843   2934.281   3720.580   3059.060
      7.857   2916.368   3638.980   3062.079
      7.871   2906.269   3648.250   3054.595
      7.886   2936.144   3690.455   3052.172
      7.900   2937.161   3637.173   3051.621
      7.914   2952.481   3612.927   3054.119
      7.929   2958.185   3661.518   3054.061
      7.943   2970.599   3586.927   3049.658
      7.957   2997.955   3680.640   3045.660
      7.971   2991.881   3720.100   3043.172
      7.986   3025.873   3749.854   3029.803
      8.000   3012.723   3459.826   3021.420
      8.014   3029.528   3462.559   3012.062
      8.029   3009.893   3484.299   2995.313
      8.043   3024.160   3448.743   2995.721
      8.057   3032.266   3444.170   2985.815
      8.071   2980.801   3620.277   2984.230
      8.086   2992.266   3667.434   2988.444
      8.100   2991.340   3650.094   2985.862
      8.114   2978.691   3684.532   2993.064
      8.129   3007.052   3709.732   2974.183
      8.143   3013.398   3757.472   2970.841
      8.157   2971.978   3700.514   2964.324
      8.171   2998.623   3757.878   2943.976
      8.186   3015.333   3602.787   2926.426
      8.200   2994.279   3629.384   2908.630
      8.214   2982.620   3490.982   2902.679
      8.229   2987.422   3471.376   2896.166
      8.243   3010.392   3395.710   2881.837
      8.257   3022.401   3478.085   2865.059
      8.271   3040.862   3425.121   2860.616
      8.286   3026.637   3490.335   2852.927
      8.300   3004.087   3590.717   2847.467
      8.314   3001.024   3788.043   2837.668
      8.329   2992.684   3703.726   2837.046
      8.343   3009.107   3892.054   2831.686
      8.357   2980.432   3998.356   2839.098
      8.371   2939.828   3881.263   2837.800
      8.386   2940.619   3904.737   2833.353
      8.400   2917.089   3828.996   2841.956
      8.414   2941.966   3865.267   2837.407
      8.429   2912.029   3917.380   2837.737
      8.443   2906.032   3878.286   2842.512
      8.457   2881.980   4002.306   2844.481
      8.471   2857.505   3960.970   2848.483
      8.486   2869.508   3977.215   2853.899
      8.500   2857.837   4074.122   2853.367
      8.514   2889.272   4038.380   2855.501
      8.529   2872.189   3980.479   2861.207
      8.543   2836.348   4042.758   2862.377
      8.557   2829.226   4176.311   2867.514
      8.571   2824.794   4180.004   2864.932
      8.586   2795.505   4224.526   2866.643
      8.600   2797.917   4188.614   2869.472
      8.614   2854.750   4155.916   2868.737
      8.629   2858.144   4063.668   2872.689
      8.643   2842.715   4107.489   2877.649
      8.657   2829.752   4145.720   2880.483
      8.671   2808.606   4287.154   2878.270
      8.686   2793.283   4331.750   2879.355
      8.700   2792.566   4428.055   2880.948
      8.714   2789.543   4253.633   2881.102
      8.729   2766.652   4258.382   2883.802
      8.743   2734.102   4309.790   2885.970
      8.757   2709.528   4237.690   2891.131
      8.771   2721.419   4128.181   2890.396
      8.786   2742.289   4134.814   2884.614
      8.800   2760.755   4147.362   2883.821
      8.814   2744.397   4213.850   2882.898
      8.829   2775.365   4076.627   2880.522
      8.843   2775.400   3986.068   2876.427
      8.857   2777.480   4062.313   2877.029
      8.871   2789.460   4178.143   2875.255
      8.886   2814.276   4074.985   2868.255
      8.900   2827.403   3994.561   2863.343
      8.914   2806.035   4070.059   2863.705
      8.929   2822.837   4191.083   2860.653
      8.943   2808.378   4175.172   2865.136
      8.957   2791.674   4178.904   2863.385
      8.971   2776.457   4136.720   2863.411
      8.986   2788.690   4120.610   2861.732
      9.000   2781.691   4067.515   2864.444
      9.014   2772.415   4095.526   2868.704
      9.029   2753.356   4062.445   2870.473
      9.043   2756.482   3983.335   2871.881
      9.057   2775.907   3903.543   2870.223
      9.071   2777.774   3872.608   2876.593
      9.086   2777.911   3841.784   2882.074
      9.100   2764.372   3916.633   2882.923
      9.114   2768.403   4005.671   2890.768
      9.129   2752.616   3952.405   2896.782
      9.143   2776.281   4214.882   2902.019
      9.157   2766.950   4280.217   2899.243
      9.171   2798.430   4238.337   2904.186
      9.186   2811.225   4073.855   2904.071
      9.200   2774.855   4032.312   2902.061
      9.214   2783.979   4184.176   2908.996
      9.229   2786.692   3943.520   2909.390
      9.243   2785.941   3993.216   2908.124
      9.257   2812.196   4036.324   2912.893
      9.271   2811.194   4062.591   2912.888
      9.286   2818.218   4185.148   2910.338
      9.300   2827.056   4109.783   2908.864
      9.314   2855.165   4097.537   2913.797
      9.329   2863.742   4045.998   2915.106
      9.343   2887.434   4184.363   2921.566
      9.357   2828.597   4144.628   2926.325
      9.371   2832.827   4308.185   2928.143
      9.386   2805.077   4237.161   2933.443
      9.400   2816.518   4290.446   2929.112
      9.414   2801.756   4204.590   2922.921
      9.429   2795.090   4291.537   2924.197
      9.443   2826.939   4270.455   2921.457
      9.457   2820.872   4167.796   2918.488
      9.471   2824.415   4084.774   2913.018
      9.486   2838.629   3863.956   2907.054
      9.500   2840.304   3943.816   2911.557
      9.514   2845.107   3780.142   2919.371
      9.529   2861.419   3691.268   2910.041
      9.543   2867.369   3688.680   2917.378
      9.557   2856.442   3624.327   2924.634
      9.571   2898.271   3601.037   2937.212
      9.586   2887.251   3376.911   2948.866
      9.600   2901.505   3274.166   2951.575
      9.614   2911.537   3211.158   2965.716
      9.629   2908.498   3146.100   2973.535
      9.643   2928.127   3231.457   2978.796
      9.657   2931.744   3256.712   2992.427
      9.671   2948.204   3221.703   3002.360
      9.686   2992.301   3253.074   3012.526
      9.700   3015.819   3253.342   3025.510
      9.714   3007.443   3300.083   3030.835
      9.729   3012.977   3369.793   3032.376
      9.743   3005.916   3484.634   3035.714
      9.757   3037.235   3488.389   3035.842
      9.771   3046.378   3541.031   3038.321
      9.786   3078.312   3583.079   3043.210
      9.800   3089.557   3654.741   3045.601
      9.814   3085.533   3636.940   3047.492
      9.829   3110.333   3630.137   3050.818
      9.843   3098.284   3578.396   3061.395
      9.857   3115.077   3602.377   3060.999
      9.871   3151.725   3565.057   3063.572
      9.886   3159.769   3636.532   3062.036
      9.900   3177.627   3496.571   3065.287
      9.914   3165.035   3541.642   3061.836
      9.929   3183.244   3674.606   3070.780
      9.943   3200.314   3652.675   3069.763
      9.957   3195.998   3536.725   3081.602
      9.971   3210.498   3735.840   3089.138
      9.986   3199.479   3802.643   3091.630
     10.000   3232.042   3935.452   3090.757
     10.014   3200.638   3844.795   3095.978
     10.029   3193.451   3893.143   3099.814
     10.043   3183.669   3945.670   3106.186
     10.057   3189.386   3837.474   3110.026
     10.071   3196.144   3882.865   3110.705
     10.086   3178.023   3944.643   3113.539
     10.100   3143.762   3911.234   3113.975
     10.114   3158.795   3913.362   3113.113
     10.129   3124.299   3824.178   3110.084
     10.143   3133.301   3788.317   3107.904
     10.157   3165.611   3845.535   3110.347
     10.171   3151.103   3772.806   3114.671
     10.186   3143.029   3825.779   3116.093
     10.200   3146.317   3766.000   3118.492
     10.214   3156.299   3878.515   3120.279
     10.229   3133.469   3898.738   3118.389
     10.243   3139.510   3764.497   3115.567
     10.257   3150.106   3870.887   3113.621
     10.271   3191.685   3897.353   3112.446
     10.286   3175.240   3936.330   3110.795
     10.300   3172.612   3974.398   3110.018
     10.314   3202.730   3891.890   3108.305
     10.329   3202.953   3898.271   3105.957
     10.343   3200.976   3956.224   3104.615
     10.357   3194.529   3894.775   3103.206
     10.371   3208.509   4048.010   3102.216
     10.386   3203.687   3997.157   3101.405
     10.400   3214.613   4011.339   3099.412
     10.414   3205.951   4194.884   3097.586
     10.429   3227.046   4262.545   3096.545
     10.443   3244.461   4347.127   3096.341
     10.457   3234.903   4366.617   3096.673
     10.471   3227.675   4468.759   3096.508
     10.486   3206.325   4600.618   3096.793
     10.500   3178.867   4594.954   3096.204
     10.514   3203.201   4429.157   3094.529
     10.529   3217.501   4600.112   3093.307
     10.543   3210.282   4723.491   3093.125
     10.557   3215.748   4771.801   3093.169
     10.571   3196.834   4812.688   3093.971
     10.586   3203.570   4858.500   3094.670
     10.600   3205.297   4861.181   3091.108
     10.614   3194.736   4958.443   3090.431
     10.629   3226.399   4889.741   3089.557
     10.643   3197.683   4905.567   3088.385
     10.657   3196.958   4987.700   3087.667
     10.671   3216.167   4845.815   3086.422
     10.686   3208.199   4773.757   3086.356
     10.700   3200.739   4874.296   3086.330
     10.714   3172.201   4781.185   3085.758
     10.729   3160.940   4726.133   3085.398
     10.743   3153.601   4799.115   3086.852
     10.757   3126.476   4686.111   3085.469
     10.771   3096.486   4595.951   3083.789
     10.786   3101.876   4690.142   3081.281
     10.800   3093.935   4541.868   3077.435
     10.814   3096.767   4428.913   3075.192
     10.829   3067.204   4515.333   3072.933
     10.843   3078.071   4433.452   3065.951
     10.857   3088.299   4420.545   3062.035
     10.871   3081.184   4264.455   3057.576
     10.886   3119.710   4214.681   3051.886
     10.900   3158.294   4110.779   3043.526
     10.914   3158.890   4000.711   3038.491
     10.929   3180.252   4099.096   3031.409
     10.943   3179.371   4071.490   3025.064
     10.957   3196.992   4126.214   3017.247
     10.971   3199.429   4053.117   3010.782
     10.986   3182.387   4205.971   3004.589
     11.000   3173.500   4091.843   2999.222
     11.014   3200.512   4044.947   2992.378
     11.029   3165.920   4122.904   2989.074
     11.043   3158.471   4249.299   2988.213
     11.057   3142.383   4284.824   2987.193
     11.071   3126.640   4367.115   2985.520
     11.086   3111.789   4517.014   2985.271
     11.100   3076.284   4380.007   2981.375
     11.114   3084.056   4391.020   2979.866
     11.129   3093.545   4447.943   2977.903
     11.143   3093.954   4429.222   2974.794
     11.157   3109.445   4473.870   2972.450
     11.171   3110.308   4460.463   2971.291
     11.186   3106.674   4496.777   2969.623
     11.200   3094.923   4537.892   2967.029
     11.214   3106.657   4527.211   2963.689
     11.229   3087.537   4436.005   2960.842
     11.243   3099.960   4344.302   2959.891
     11.257   3077.178   4371.336   2959.993
     11.271   3052.768   4384.180   2959.737
     11.286   3054.755   4354.056   2958.067
     11.300   3037.995   4267.963   2955.591
     11.314   3041.490   4374.445   2953.993
     11.329   3050.330   4393.298   2952.477
     11.343   3037.122   4390.636   2948.643
     11.357   3027.751   4333.358   2944.935
     11.371   3061.171   4355.321   2941.715
     11.386   3062.645   4350.841   2936.528
     11.400   3071.311   4466.336   2932.925
     11.414   3051.061   4364.736   2927.848
     11.429   3069.129   4246.738   2923.780
     11.429   3069.137   4246.740   2923.778
